0, 0, 0, 0, 0, 0, 0, 0, 0, 0, 0, 0, 0, 0, 0, 0, 0, 0, 0, 0, 
199, 0, 0, 0, 0, 0, 0, 0, 0, 0, 0, 0, 0, 0, 0, 0, 0, 0, 0, 0, 
398, 0, 0, 0, 876, 0, 0, 0, 0, 0, 0, 0, 0, 0, 0, 0, 0, 0, 0, 0, 
597, 0, 0, 0, 2738, 0, 0, 0, 0, 0, 0, 0, 0, 0, 0, 0, 0, 0, 0, 0, 
796, 0, 0, 0, 2738, 0, 0, 0, 0, 0, 0, 0, 0, 0, 0, 0, 0, 0, 0, 0, 
995, 0, 0, 0, 3244, 0, 0, 0, 0, 0, 0, 0, 0, 0, 0, 0, 0, 0, 0, 0, 
1194, 0, 0, 0, 3244, 0, 0, 0, 0, 0, 0, 0, 0, 0, 0, 0, 0, 0, 0, 0, 
1393, 0, 0, 0, 3340, 0, 0, 0, 0, 0, 0, 0, 0, 0, 0, 0, 0, 0, 0, 0, 
1592, 0, 0, 0, 3340, 0, 0, 0, 0, 0, 0, 0, 0, 0, 0, 0, 0, 0, 0, 0, 
1791, 0, 0, 0, 3408, 0, 0, 0, 0, 0, 0, 0, 0, 0, 0, 0, 0, 0, 0, 0, 
1990, 0, 0, 0, 3408, 0, 0, 0, 0, 0, 0, 0, 0, 0, 0, 0, 0, 0, 0, 0, 
2189, 0, 0, 0, 2526, 0, 0, 0, 0, 0, 0, 0, 0, 0, 0, 0, 0, 0, 0, 0, 
2388, 0, 0, 0, 1600, 0, 0, 0, 0, 0, 0, 0, 0, 0, 0, 0, 0, 0, 0, 0, 
2587, 0, 0, 0, 1600, 0, 0, 0, 0, 0, 0, 0, 0, 0, 0, 0, 0, 0, 0, 0, 
2786, 0, 0, 0, 3028, 0, 0, 0, 0, 0, 0, 0, 0, 0, 0, 0, 0, 0, 0, 0, 
2985, 0, 0, 0, 3028, 0, 0, 0, 0, 0, 0, 0, 0, 0, 0, 0, 0, 0, 0, 0, 
3184, 0, 0, 0, 3314, 0, 0, 0, 0, 0, 0, 0, 0, 0, 0, 0, 0, 0, 0, 0, 
3383, 0, 0, 0, 3183, 0, 0, 0, 0, 0, 0, 0, 0, 0, 0, 0, 0, 0, 0, 0, 
3582, 0, 0, 0, 3183, 0, 0, 0, 0, 0, 0, 0, 0, 0, 0, 0, 0, 0, 0, 0, 
3781, 0, 0, 0, 147, 0, 0, 0, 0, 0, 0, 0, 0, 0, 0, 0, 0, 0, 0, 0, 
3980, 0, 0, 0, 147, 0, 0, 0, 0, 0, 0, 0, 0, 0, 0, 0, 0, 0, 0, 0, 
4179, 0, 0, 0, 0, 0, 0, 0, 0, 0, 0, 0, 0, 0, 0, 0, 0, 0, 0, 0, 
4378, 0, 0, 0, 0, 0, 0, 0, 0, 0, 0, 0, 0, 0, 0, 0, 0, 0, 0, 0, 
4577, 0, 0, 0, 0, 0, 0, 0, 0, 0, 0, 0, 0, 0, 0, 0, 0, 0, 0, 0, 
4776, 0, 0, 0, 0, 0, 0, 0, 0, 0, 0, 0, 0, 0, 0, 0, 0, 0, 0, 0, 
4975, 0, 0, 0, 0, 0, 0, 0, 0, 0, 0, 0, 0, 0, 0, 0, 0, 0, 0, 0, 
5174, 0, 0, 0, 0, 0, 0, 0, 0, 0, 0, 0, 0, 0, 0, 0, 0, 0, 0, 0, 
5373, 0, 0, 0, 0, 0, 0, 0, 0, 0, 0, 0, 0, 0, 0, 0, 0, 0, 0, 0, 
5572, 2, 30, 0, 0, 0, 0, 0, 0, 0, 0, 0, 0, 0, 0, 0, 0, 0, 0, 0, 
5771, 0, 0, 0, 0, 0, 0, 0, 0, 0, 0, 0, 3, 0, 0, 0, 0, 0, 0, 0, 
5970, 24, 0, 0, 0, 3, 0, 0, 0, 0, 0, 0, 3, 0, 0, 0, 0, 0, 0, 0, 
6169, 0, 0, 0, 1102, 3, 0, 0, 0, 0, 0, 0, 0, 0, 0, 0, 0, 0, 0, 0, 
6368, 0, 0, 0, 942, 3, 0, 0, 0, 0, 0, 0, 0, 0, 0, 0, 0, 0, 0, 0, 
6567, 0, 0, 0, 942, 0, 0, 0, 0, 0, 0, 0, 0, 0, 0, 0, 0, 0, 0, 0, 
6766, 0, 0, 0, 942, 0, 0, 0, 0, 0, 0, 0, 0, 0, 0, 0, 0, 0, 0, 0, 
6965, 0, 0, 0, 983, 0, 0, 0, 0, 0, 0, 0, 0, 0, 0, 0, 0, 0, 0, 0, 
7164, 0, 0, 0, 881, 0, 0, 0, 0, 0, 0, 0, 0, 0, 0, 0, 0, 0, 0, 0, 
7363, 0, 0, 0, 1088, 0, 0, 0, 0, 0, 0, 0, 0, 0, 0, 0, 0, 0, 0, 0, 
7562, 0, 0, 0, 1136, 0, 0, 0, 0, 0, 0, 0, 0, 0, 0, 0, 0, 0, 0, 0, 
7761, 0, 0, 0, 624, 0, 0, 0, 0, 0, 0, 0, 0, 0, 0, 0, 0, 0, 0, 0, 
7960, 0, 0, 0, 1191, 0, 0, 0, 0, 0, 0, 0, 0, 0, 0, 0, 0, 0, 0, 0, 
8159, 0, 0, 0, 1191, 0, 0, 0, 0, 0, 0, 0, 0, 0, 0, 0, 0, 0, 0, 0, 
8358, 0, 0, 0, 730, 0, 0, 0, 0, 0, 0, 0, 0, 0, 0, 0, 0, 0, 0, 0, 
8557, 0, 0, 0, 709, 0, 0, 0, 0, 0, 0, 0, 0, 0, 0, 0, 0, 0, 0, 0, 
8756, 0, 0, 0, 1158, 0, 0, 0, 0, 0, 0, 0, 0, 0, 0, 0, 0, 0, 0, 0, 
8955, 0, 0, 0, 654, 0, 0, 0, 0, 0, 0, 0, 0, 0, 0, 0, 0, 0, 0, 0, 
9154, 0, 0, 0, 654, 0, 0, 0, 0, 0, 0, 0, 0, 0, 0, 0, 0, 0, 0, 0, 
9353, 0, 0, 0, 1012, 0, 0, 0, 0, 0, 0, 0, 0, 0, 0, 0, 0, 0, 0, 0, 
9552, 0, 0, 0, 1012, 0, 0, 0, 0, 0, 0, 0, 0, 0, 0, 0, 0, 0, 0, 0, 
9751, 0, 0, 0, 1062, 0, 0, 0, 0, 0, 0, 0, 0, 0, 0, 0, 0, 0, 0, 0, 
9950, 0, 0, 0, 783, 0, 0, 0, 0, 0, 0, 0, 0, 0, 0, 0, 0, 0, 0, 0, 
10149, 0, 0, 0, 809, 0, 0, 0, 0, 0, 0, 0, 0, 0, 0, 0, 0, 0, 0, 0, 
10348, 0, 0, 0, 701, 0, 0, 0, 0, 0, 0, 0, 0, 0, 0, 0, 0, 0, 0, 0, 
10547, 0, 0, 0, 701, 0, 0, 0, 0, 0, 0, 0, 0, 0, 0, 0, 0, 0, 0, 0, 
10746, 0, 0, 0, 811, 0, 0, 0, 0, 0, 0, 0, 0, 0, 0, 0, 0, 0, 0, 0, 
10945, 0, 0, 0, 1103, 0, 0, 0, 0, 0, 0, 0, 0, 0, 0, 0, 0, 0, 0, 0, 
11144, 0, 0, 0, 1117, 0, 0, 0, 0, 0, 0, 0, 0, 0, 0, 0, 0, 0, 0, 0, 
11343, 0, 0, 0, 780, 0, 0, 0, 0, 0, 0, 0, 0, 0, 0, 0, 0, 0, 0, 0, 
11542, 0, 0, 0, 748, 0, 0, 0, 0, 0, 0, 0, 0, 0, 0, 0, 0, 0, 0, 0, 
11741, 0, 0, 0, 830, 0, 0, 0, 0, 0, 0, 0, 0, 0, 0, 0, 0, 0, 0, 0, 
11940, 0, 0, 0, 840, 0, 0, 0, 0, 0, 0, 0, 0, 0, 0, 0, 0, 0, 0, 0, 
12139, 0, 0, 0, 795, 0, 0, 0, 0, 0, 0, 0, 0, 0, 0, 0, 0, 0, 0, 0, 
12338, 0, 0, 0, 780, 0, 0, 0, 0, 0, 0, 0, 0, 0, 0, 0, 0, 0, 0, 0, 
12537, 0, 0, 0, 897, 0, 0, 0, 0, 0, 0, 0, 0, 0, 0, 0, 0, 0, 0, 0, 
12736, 0, 0, 0, 897, 0, 0, 0, 0, 0, 0, 0, 0, 0, 0, 0, 0, 0, 0, 0, 
12935, 0, 0, 0, 897, 0, 0, 0, 0, 0, 0, 0, 0, 0, 0, 0, 0, 0, 0, 0, 
13134, 0, 0, 0, 682, 0, 0, 0, 0, 0, 0, 0, 0, 0, 0, 0, 0, 0, 0, 0, 
13333, 0, 0, 0, 666, 0, 0, 0, 0, 0, 0, 0, 0, 0, 0, 0, 0, 0, 0, 0, 
13532, 0, 0, 0, 176, 0, 0, 0, 0, 0, 0, 0, 0, 0, 0, 0, 0, 0, 0, 0, 
13731, 0, 0, 0, 0, 0, 0, 0, 0, 0, 0, 0, 0, 0, 0, 0, 0, 0, 0, 0, 
13930, 0, 0, 0, 0, 0, 0, 0, 0, 0, 0, 0, 1, 0, 0, 0, 0, 0, 0, 0, 
14129, 0, 0, 0, 0, 4, 0, 0, 0, 0, 0, 0, 1, 0, 0, 0, 0, 0, 0, 0, 
14328, 4, 238, 0, 0, 4, 0, 0, 0, 0, 0, 0, 85, 0, 29, 4, 0, 0, 0, 0, 
14527, 0, 608, 0, 0, 83, 0, 0, 0, 0, 0, 0, 7, 0, 29, 4, 0, 0, 9, 1, 
14726, 369, 0, 0, 0, 83, 0, 0, 0, 0, 0, 0, 7, 0, 0, 3, 0, 0, 9, 1, 
14925, 369, 0, 0, 302, 0, 0, 0, 0, 0, 0, 0, 0, 0, 0, 3, 0, 0, 0, 0, 
15124, 0, 0, 0, 302, 0, 0, 0, 0, 0, 0, 0, 0, 0, 0, 0, 0, 0, 0, 0, 
15323, 0, 0, 0, 81, 0, 0, 0, 0, 0, 0, 0, 0, 0, 0, 0, 0, 0, 0, 0, 
15522, 0, 0, 0, 0, 0, 0, 0, 0, 0, 0, 0, 1, 0, 0, 0, 0, 0, 0, 0, 
15721, 0, 0, 0, 0, 6, 0, 0, 0, 0, 0, 0, 150, 0, 0, 0, 0, 0, 0, 0, 
15920, 4, 1068, 0, 0, 95, 0, 0, 0, 0, 0, 0, 116, 0, 50, 12, 0, 0, 8, 0, 
16119, 0, 1028, 0, 0, 95, 0, 0, 0, 0, 0, 0, 116, 0, 50, 12, 0, 0, 8, 2, 
16318, 691, 949, 0, 19, 95, 0, 0, 0, 0, 0, 0, 104, 0, 57, 17, 0, 0, 26, 2, 
16517, 523, 907, 0, 19, 223, 0, 0, 0, 0, 0, 0, 104, 0, 57, 17, 0, 0, 26, 2, 
16716, 522, 579, 0, 48, 223, 0, 0, 0, 0, 0, 0, 94, 0, 57, 17, 0, 0, 11, 2, 
16915, 95, 688, 0, 48, 223, 0, 0, 0, 0, 0, 0, 39, 0, 34, 10, 0, 0, 11, 2, 
17114, 355, 556, 0, 19, 124, 0, 0, 0, 0, 0, 0, 39, 0, 34, 10, 0, 0, 4, 1, 
17313, 79, 0, 0, 19, 124, 0, 0, 0, 0, 0, 0, 46, 0, 35, 9, 0, 0, 4, 1, 
17512, 463, 0, 0, 15, 106, 0, 0, 0, 0, 0, 0, 10, 0, 35, 9, 0, 0, 4, 0, 
17711, 463, 0, 0, 15, 106, 0, 0, 0, 0, 0, 0, 10, 0, 0, 1, 0, 0, 9, 0, 
17910, 486, 0, 0, 49, 106, 0, 0, 0, 0, 0, 0, 0, 0, 0, 1, 0, 0, 9, 0, 
18109, 446, 0, 0, 50, 0, 0, 0, 0, 0, 0, 0, 0, 0, 0, 0, 0, 0, 0, 0, 
18308, 506, 0, 0, 50, 0, 0, 0, 0, 0, 0, 0, 0, 0, 0, 0, 0, 0, 0, 0, 
18507, 426, 0, 0, 43, 0, 0, 0, 0, 0, 0, 0, 0, 0, 0, 0, 0, 0, 0, 0, 
18706, 0, 0, 0, 43, 0, 0, 0, 0, 0, 0, 0, 0, 0, 0, 0, 0, 0, 0, 0, 
18905, 0, 0, 0, 0, 0, 0, 0, 0, 0, 0, 0, 0, 0, 0, 0, 0, 0, 0, 0, 
19104, 0, 0, 0, 0, 0, 0, 0, 0, 0, 0, 0, 0, 0, 0, 0, 0, 0, 0, 0, 
19303, 4, 146, 0, 0, 0, 0, 0, 0, 0, 0, 0, 19, 0, 5, 1, 0, 0, 0, 0, 
19502, 0, 0, 0, 0, 18, 0, 0, 0, 0, 0, 0, 19, 0, 5, 1, 0, 0, 0, 0, 
19701, 122, 0, 0, 4, 18, 0, 0, 0, 0, 0, 0, 0, 0, 5, 1, 0, 0, 1, 0, 
19900, 0, 0, 0, 4, 18, 0, 0, 0, 0, 0, 0, 1, 0, 0, 0, 0, 0, 1, 0, 
20099, 2, 81, 0, 0, 7, 0, 0, 0, 0, 0, 0, 156, 0, 6, 0, 0, 0, 0, 0, 
20298, 2, 81, 0, 0, 0, 0, 0, 0, 0, 0, 0, 156, 0, 6, 0, 0, 0, 8, 0, 
20497, 2, 81, 0, 0, 265, 0, 0, 0, 0, 0, 0, 145, 0, 81, 22, 0, 0, 8, 0, 
20696, 600, 2425, 0, 101, 265, 0, 0, 0, 0, 0, 0, 126, 0, 81, 22, 0, 0, 27, 4, 
20895, 1073, 1066, 0, 101, 265, 0, 0, 0, 0, 0, 0, 126, 0, 49, 14, 0, 0, 27, 4, 
21094, 377, 669, 0, 51, 197, 0, 0, 0, 0, 0, 0, 119, 0, 49, 14, 0, 0, 12, 2, 
21293, 488, 728, 0, 51, 197, 0, 0, 0, 0, 0, 0, 111, 0, 43, 12, 0, 0, 12, 2, 
21492, 599, 863, 0, 73, 172, 0, 0, 0, 0, 0, 0, 111, 0, 43, 12, 0, 0, 14, 1, 
21691, 524, 732, 0, 73, 172, 0, 0, 0, 0, 0, 0, 103, 0, 43, 12, 0, 0, 14, 1, 
21890, 470, 742, 0, 56, 172, 0, 0, 0, 0, 0, 0, 93, 0, 43, 12, 0, 0, 15, 1, 
22089, 614, 715, 0, 56, 154, 0, 0, 0, 0, 0, 0, 93, 0, 40, 11, 0, 0, 15, 1, 
22288, 392, 640, 0, 63, 154, 0, 0, 0, 0, 0, 0, 98, 0, 40, 11, 0, 0, 15, 1, 
22487, 435, 697, 0, 63, 154, 0, 0, 0, 0, 0, 0, 103, 0, 46, 13, 0, 0, 14, 1, 
22686, 536, 832, 0, 65, 138, 0, 0, 0, 0, 0, 0, 103, 0, 46, 13, 0, 0, 14, 1, 
22885, 278, 728, 0, 48, 138, 0, 0, 0, 0, 0, 0, 67, 0, 40, 11, 0, 0, 14, 1, 
23084, 412, 794, 0, 48, 154, 0, 0, 0, 0, 0, 0, 64, 0, 40, 11, 0, 0, 14, 1, 
23283, 183, 482, 0, 62, 154, 0, 0, 0, 0, 0, 0, 64, 0, 40, 11, 0, 0, 8, 1, 
23482, 554, 661, 0, 62, 154, 0, 0, 0, 0, 0, 0, 83, 0, 46, 13, 0, 0, 8, 1, 
23681, 554, 661, 0, 51, 167, 0, 0, 0, 0, 0, 0, 83, 0, 46, 13, 0, 0, 11, 1, 
23880, 483, 528, 0, 51, 167, 0, 0, 0, 0, 0, 0, 84, 0, 42, 11, 0, 0, 9, 1, 
24079, 387, 543, 0, 41, 132, 0, 0, 0, 0, 0, 0, 76, 0, 42, 11, 0, 0, 9, 1, 
24278, 311, 401, 0, 41, 132, 0, 0, 0, 0, 0, 0, 76, 0, 28, 8, 0, 0, 9, 0, 
24477, 437, 556, 0, 38, 132, 0, 0, 0, 0, 0, 0, 71, 0, 28, 8, 0, 0, 7, 0, 
24676, 413, 524, 0, 38, 105, 0, 0, 0, 0, 0, 0, 71, 0, 23, 7, 0, 0, 7, 1, 
24875, 352, 437, 0, 53, 105, 0, 0, 0, 0, 0, 0, 56, 0, 23, 7, 0, 0, 12, 1, 
25074, 494, 610, 0, 53, 124, 0, 0, 0, 0, 0, 0, 94, 0, 23, 7, 0, 0, 12, 1, 
25273, 335, 450, 0, 35, 124, 0, 0, 0, 0, 0, 0, 94, 0, 32, 8, 0, 0, 10, 1, 
25472, 523, 665, 0, 35, 124, 0, 0, 0, 0, 0, 0, 86, 0, 32, 8, 0, 0, 10, 1, 
25671, 400, 463, 0, 55, 106, 0, 0, 0, 0, 0, 0, 70, 0, 34, 10, 0, 0, 10, 1, 
25870, 404, 228, 0, 55, 106, 0, 0, 0, 0, 0, 0, 70, 0, 34, 10, 0, 0, 10, 1, 
26069, 921, 0, 0, 21, 106, 0, 0, 0, 0, 0, 0, 87, 0, 17, 6, 0, 0, 14, 1, 
26268, 699, 0, 0, 94, 49, 0, 0, 0, 0, 0, 0, 87, 0, 17, 6, 0, 0, 14, 1, 
26467, 695, 0, 0, 94, 49, 0, 0, 0, 0, 0, 0, 0, 0, 0, 0, 0, 0, 14, 0, 
26666, 695, 0, 0, 98, 0, 0, 0, 0, 0, 0, 0, 0, 0, 0, 0, 0, 0, 0, 0, 
26865, 300, 0, 0, 98, 0, 0, 0, 0, 0, 0, 0, 0, 0, 0, 0, 0, 0, 0, 0, 
27064, 0, 0, 0, 0, 0, 0, 0, 0, 0, 0, 0, 0, 0, 0, 0, 0, 0, 0, 0, 
27263, 0, 0, 0, 0, 0, 0, 0, 0, 0, 0, 0, 1, 0, 0, 0, 0, 0, 0, 0, 
27462, 2, 124, 0, 0, 0, 0, 0, 0, 0, 0, 0, 1, 0, 4, 0, 0, 0, 0, 0, 
27661, 0, 0, 0, 0, 12, 0, 0, 0, 0, 0, 0, 11, 0, 4, 0, 0, 0, 0, 0, 
27860, 107, 0, 0, 3, 12, 0, 0, 0, 0, 0, 0, 11, 0, 0, 0, 0, 0, 0, 0, 
28059, 0, 0, 0, 3, 12, 0, 0, 0, 0, 0, 0, 0, 0, 0, 0, 0, 0, 1, 0, 
28258, 4, 137, 0, 0, 0, 0, 0, 0, 0, 0, 0, 10, 0, 6, 1, 0, 0, 0, 0, 
28457, 0, 1341, 0, 0, 0, 0, 0, 0, 0, 0, 0, 199, 0, 6, 1, 0, 0, 0, 0, 
28656, 208, 1082, 0, 0, 242, 0, 0, 0, 0, 0, 0, 199, 0, 78, 21, 0, 0, 0, 2, 
28855, 1219, 1041, 0, 124, 242, 0, 0, 0, 0, 0, 0, 125, 0, 78, 21, 0, 0, 25, 2, 
29054, 697, 696, 0, 124, 242, 0, 0, 0, 0, 0, 0, 125, 0, 56, 16, 0, 0, 25, 2, 
29253, 522, 778, 0, 67, 190, 0, 0, 0, 0, 0, 0, 111, 0, 56, 16, 0, 0, 18, 2, 
29452, 530, 791, 0, 67, 190, 0, 0, 0, 0, 0, 0, 111, 0, 57, 17, 0, 0, 18, 2, 
29651, 771, 803, 0, 89, 190, 0, 0, 0, 0, 0, 0, 129, 0, 57, 17, 0, 0, 21, 2, 
29850, 576, 719, 0, 89, 199, 0, 0, 0, 0, 0, 0, 155, 0, 57, 17, 0, 0, 21, 2, 
30049, 601, 1119, 0, 96, 199, 0, 0, 0, 0, 0, 0, 155, 0, 56, 15, 0, 0, 16, 2, 
30248, 601, 1119, 0, 96, 217, 0, 0, 0, 0, 0, 0, 151, 0, 56, 15, 0, 0, 16, 2, 
30447, 782, 1057, 0, 97, 217, 0, 0, 0, 0, 0, 0, 151, 0, 60, 18, 0, 0, 18, 2, 
30646, 472, 759, 0, 97, 217, 0, 0, 0, 0, 0, 0, 135, 0, 60, 18, 0, 0, 18, 1, 
30845, 743, 1003, 0, 73, 185, 0, 0, 0, 0, 0, 0, 113, 0, 41, 12, 0, 0, 17, 1, 
31044, 604, 686, 0, 69, 185, 0, 0, 0, 0, 0, 0, 113, 0, 41, 12, 0, 0, 17, 2, 
31243, 494, 906, 0, 69, 213, 0, 0, 0, 0, 0, 0, 125, 0, 53, 15, 0, 0, 14, 2, 
31442, 527, 1049, 0, 68, 213, 0, 0, 0, 0, 0, 0, 125, 0, 53, 15, 0, 0, 14, 1, 
31641, 383, 1011, 0, 68, 213, 0, 0, 0, 0, 0, 0, 113, 0, 58, 15, 0, 0, 14, 1, 
31840, 773, 970, 0, 73, 198, 0, 0, 0, 0, 0, 0, 113, 0, 58, 15, 0, 0, 11, 2, 
32039, 596, 766, 0, 73, 198, 0, 0, 0, 0, 0, 0, 119, 0, 60, 17, 0, 0, 11, 2, 
32238, 368, 526, 0, 59, 213, 0, 0, 0, 0, 0, 0, 118, 0, 60, 17, 0, 0, 20, 2, 
32437, 543, 608, 0, 59, 213, 0, 0, 0, 0, 0, 0, 118, 0, 60, 17, 0, 0, 20, 2, 
32636, 1026, 489, 0, 101, 213, 0, 0, 0, 0, 0, 0, 121, 0, 45, 13, 0, 0, 19, 2, 
32835, 1156, 0, 0, 137, 103, 0, 0, 0, 0, 0, 0, 0, 0, 45, 13, 0, 0, 19, 1, 
33034, 1156, 0, 0, 137, 103, 0, 0, 0, 0, 0, 0, 0, 0, 2, 3, 0, 0, 9, 1, 
33233, 995, 0, 0, 61, 103, 0, 0, 0, 0, 0, 0, 0, 0, 2, 3, 0, 0, 9, 0, 
33432, 58, 0, 0, 61, 0, 0, 0, 0, 0, 0, 0, 0, 0, 0, 0, 0, 0, 0, 0, 
33631, 0, 0, 0, 0, 0, 0, 0, 0, 0, 0, 0, 0, 0, 0, 0, 0, 0, 0, 0, 
33830, 0, 0, 0, 0, 0, 0, 0, 0, 0, 0, 0, 0, 0, 0, 0, 0, 0, 0, 0, 
34029, 0, 0, 0, 17, 0, 0, 0, 0, 0, 0, 0, 30, 4, 0, 0, 0, 0, 1, 0, 
34228, 0, 1, 0, 44, 0, 0, 0, 0, 0, 0, 0, 30, 4, 0, 0, 0, 0, 1, 3, 
34427, 0, 0, 363, 26, 0, 0, 0, 0, 0, 0, 0, 0, 0, 0, 0, 0, 0, 9, 3, 
34626, 0, 1, 0, 0, 0, 0, 0, 0, 0, 0, 0, 0, 0, 0, 0, 0, 0, 9, 0, 
34825, 0, 0, 0, 4626, 0, 0, 0, 0, 0, 0, 0, 0, 0, 0, 0, 0, 0, 0, 0, 
35024, 0, 0, 0, 4626, 0, 0, 0, 0, 0, 0, 0, 0, 0, 0, 0, 0, 0, 0, 0, 
35223, 0, 0, 0, 5243, 0, 0, 0, 0, 0, 0, 0, 0, 0, 0, 0, 0, 0, 0, 0, 
35422, 0, 0, 0, 5243, 0, 0, 0, 0, 0, 0, 0, 0, 0, 0, 0, 0, 0, 0, 0, 
35621, 0, 0, 0, 3734, 0, 0, 0, 0, 0, 0, 0, 0, 0, 0, 0, 0, 0, 0, 0, 
35820, 0, 0, 0, 3734, 0, 0, 0, 0, 0, 0, 0, 0, 0, 0, 0, 0, 0, 0, 0, 
36019, 0, 0, 0, 0, 0, 0, 0, 0, 0, 0, 0, 0, 0, 0, 0, 0, 0, 0, 0, 
36218, 0, 0, 0, 0, 0, 0, 0, 0, 0, 0, 0, 0, 0, 0, 0, 0, 0, 0, 0, 
36417, 0, 1, 0, 0, 0, 0, 0, 0, 0, 0, 0, 0, 0, 0, 0, 0, 0, 0, 0, 
36616, 0, 0, 0, 60, 0, 0, 0, 0, 0, 0, 0, 0, 0, 0, 0, 0, 0, 0, 0, 
36815, 0, 0, 0, 60, 0, 0, 0, 0, 0, 0, 0, 0, 0, 0, 0, 0, 0, 0, 0, 
37014, 0, 0, 0, 176, 0, 0, 0, 0, 0, 0, 0, 0, 0, 0, 0, 0, 0, 0, 0, 
37213, 0, 0, 0, 164, 0, 0, 0, 0, 0, 0, 0, 0, 0, 0, 0, 0, 0, 0, 0, 
37412, 0, 0, 0, 164, 0, 0, 0, 0, 0, 0, 0, 0, 0, 0, 0, 0, 0, 0, 0, 
37611, 0, 0, 0, 90, 0, 0, 0, 0, 0, 0, 0, 0, 0, 0, 0, 0, 0, 0, 0, 
37810, 0, 0, 0, 90, 0, 0, 0, 0, 0, 0, 0, 0, 0, 0, 0, 0, 0, 0, 0, 
38009, 0, 0, 0, 63, 0, 0, 0, 0, 0, 0, 0, 0, 0, 0, 0, 0, 0, 0, 0, 
38208, 0, 0, 0, 63, 0, 0, 0, 0, 0, 0, 0, 0, 0, 0, 0, 0, 0, 0, 0, 
38407, 0, 0, 0, 100, 0, 0, 0, 0, 0, 0, 0, 0, 0, 0, 0, 0, 0, 0, 0, 
38606, 0, 0, 0, 77, 0, 0, 0, 0, 0, 0, 0, 0, 0, 0, 0, 0, 0, 0, 0, 
38805, 0, 0, 0, 77, 0, 0, 0, 0, 0, 0, 0, 0, 0, 0, 0, 0, 0, 0, 0, 
39004, 0, 0, 0, 88, 0, 0, 0, 0, 0, 0, 0, 0, 0, 0, 0, 0, 0, 0, 0, 
39203, 0, 0, 0, 88, 0, 0, 0, 0, 0, 0, 0, 0, 0, 0, 0, 0, 0, 0, 0, 
39402, 0, 0, 0, 44, 0, 0, 0, 0, 0, 0, 0, 0, 0, 0, 0, 0, 0, 0, 0, 
39601, 0, 0, 0, 44, 0, 0, 0, 0, 0, 0, 0, 0, 0, 0, 0, 0, 0, 0, 0, 
39800, 0, 0, 0, 111, 0, 0, 0, 0, 0, 0, 0, 0, 0, 0, 0, 0, 0, 0, 0, 
39999, 0, 0, 0, 111, 0, 0, 0, 0, 0, 0, 0, 0, 0, 0, 0, 0, 0, 0, 0, 
40198, 0, 0, 0, 81, 0, 0, 0, 0, 0, 0, 0, 0, 0, 0, 0, 0, 0, 0, 0, 
40397, 0, 0, 0, 67, 0, 0, 0, 0, 0, 0, 0, 0, 0, 0, 0, 0, 0, 0, 0, 
40596, 0, 0, 0, 67, 0, 0, 0, 0, 0, 0, 0, 0, 0, 0, 0, 0, 0, 0, 0, 
40795, 0, 0, 0, 71, 0, 0, 0, 0, 0, 0, 0, 0, 0, 0, 0, 0, 0, 0, 0, 
40994, 0, 0, 0, 71, 0, 0, 0, 0, 0, 0, 0, 0, 0, 0, 0, 0, 0, 0, 0, 
41193, 0, 0, 0, 75, 0, 0, 0, 0, 0, 0, 0, 0, 0, 0, 0, 0, 0, 0, 0, 
41392, 0, 0, 0, 75, 0, 0, 0, 0, 0, 0, 0, 0, 0, 0, 0, 0, 0, 0, 0, 
41591, 0, 0, 0, 59, 0, 0, 0, 0, 0, 0, 0, 0, 0, 0, 0, 0, 0, 0, 0, 
41790, 0, 0, 0, 59, 0, 0, 0, 0, 0, 0, 0, 0, 0, 0, 0, 0, 0, 0, 0, 
41989, 0, 0, 0, 93, 0, 0, 0, 0, 0, 0, 0, 0, 0, 0, 0, 0, 0, 0, 0, 
42188, 0, 0, 0, 71, 0, 0, 0, 0, 0, 0, 0, 0, 0, 0, 0, 0, 0, 0, 0, 
42387, 0, 0, 0, 71, 0, 0, 0, 0, 0, 0, 0, 0, 0, 0, 0, 0, 0, 0, 0, 
42586, 0, 0, 0, 72, 0, 0, 0, 0, 0, 0, 0, 0, 0, 0, 0, 0, 0, 0, 0, 
42785, 0, 0, 0, 72, 0, 0, 0, 0, 0, 0, 0, 0, 0, 0, 0, 0, 0, 0, 0, 
42984, 0, 0, 0, 47, 0, 0, 0, 0, 0, 0, 0, 0, 0, 0, 0, 0, 0, 0, 0, 
43183, 0, 0, 0, 47, 0, 0, 0, 0, 0, 0, 0, 0, 0, 0, 0, 0, 0, 0, 0, 
43382, 0, 0, 0, 60, 0, 0, 0, 0, 0, 0, 0, 0, 0, 0, 0, 0, 0, 0, 0, 
43581, 0, 0, 0, 60, 0, 0, 0, 0, 0, 0, 0, 0, 0, 0, 0, 0, 0, 0, 0, 
43780, 0, 0, 0, 62, 0, 0, 0, 0, 0, 0, 0, 0, 0, 0, 0, 0, 0, 0, 0, 
43979, 0, 0, 0, 61, 0, 0, 0, 0, 0, 0, 0, 0, 0, 0, 0, 0, 0, 0, 0, 
44178, 0, 0, 0, 61, 0, 0, 0, 0, 0, 0, 0, 0, 0, 0, 0, 0, 0, 0, 0, 
44377, 0, 0, 0, 56, 0, 0, 0, 0, 0, 0, 0, 0, 0, 0, 0, 0, 0, 0, 0, 
44576, 0, 0, 0, 56, 0, 0, 0, 0, 0, 0, 0, 0, 0, 0, 0, 0, 0, 0, 0, 
44775, 0, 0, 0, 54, 0, 0, 0, 0, 0, 0, 0, 0, 0, 0, 0, 0, 0, 0, 0, 
44974, 0, 0, 0, 54, 0, 0, 0, 0, 0, 0, 0, 0, 0, 0, 0, 0, 0, 0, 0, 
45173, 0, 0, 0, 25, 0, 0, 0, 0, 0, 0, 0, 0, 0, 0, 0, 0, 0, 0, 0, 
45372, 0, 0, 0, 25, 0, 0, 0, 0, 0, 0, 0, 0, 0, 0, 0, 0, 0, 0, 0, 
45571, 0, 0, 0, 25, 0, 0, 0, 0, 0, 0, 0, 0, 0, 0, 0, 0, 0, 0, 0, 
45770, 0, 0, 0, 25, 0, 0, 0, 0, 0, 0, 0, 0, 0, 0, 0, 0, 0, 0, 0, 
45969, 0, 0, 0, 154, 0, 0, 0, 0, 0, 0, 0, 0, 0, 0, 0, 0, 0, 0, 0, 
46168, 0, 0, 0, 154, 0, 0, 0, 0, 0, 0, 0, 0, 0, 0, 0, 0, 0, 0, 0, 
46367, 0, 0, 0, 55, 0, 0, 0, 0, 0, 0, 0, 0, 0, 0, 0, 0, 0, 0, 0, 
46566, 0, 0, 0, 63, 0, 0, 0, 0, 0, 0, 0, 0, 0, 0, 0, 0, 0, 0, 0, 
46765, 0, 0, 0, 63, 0, 0, 0, 0, 0, 0, 0, 0, 0, 0, 0, 0, 0, 0, 0, 
46964, 0, 0, 0, 55, 0, 0, 0, 0, 0, 0, 0, 0, 0, 0, 0, 0, 0, 0, 0, 
47163, 0, 0, 0, 55, 0, 0, 0, 0, 0, 0, 0, 0, 0, 0, 0, 0, 0, 0, 0, 
47362, 0, 0, 0, 57, 0, 0, 0, 0, 0, 0, 0, 0, 0, 0, 0, 0, 0, 0, 0, 
47561, 0, 0, 0, 62, 0, 0, 0, 0, 0, 0, 0, 0, 0, 0, 0, 0, 0, 0, 0, 
47760, 0, 0, 0, 62, 0, 0, 0, 0, 0, 0, 0, 0, 0, 0, 0, 0, 0, 0, 0, 
47959, 0, 0, 0, 62, 0, 0, 0, 0, 0, 0, 0, 0, 0, 0, 0, 0, 0, 0, 0, 
48158, 0, 0, 0, 62, 0, 0, 0, 0, 0, 0, 0, 0, 0, 0, 0, 0, 0, 0, 0, 
48357, 0, 0, 0, 62, 0, 0, 0, 0, 0, 0, 0, 0, 0, 0, 0, 0, 0, 0, 0, 
48556, 0, 0, 0, 62, 0, 0, 0, 0, 0, 0, 0, 0, 0, 0, 0, 0, 0, 0, 0, 
48755, 0, 0, 0, 45, 0, 0, 0, 0, 0, 0, 0, 0, 0, 0, 0, 0, 0, 0, 0, 
48954, 0, 0, 0, 68, 0, 0, 0, 0, 0, 0, 0, 0, 0, 0, 0, 0, 0, 0, 0, 
49153, 0, 0, 0, 68, 0, 0, 0, 0, 0, 0, 0, 0, 0, 0, 0, 0, 0, 0, 0, 
49352, 0, 0, 0, 61, 0, 0, 0, 0, 0, 0, 0, 0, 0, 0, 0, 0, 0, 0, 0, 
49551, 0, 0, 0, 61, 0, 0, 0, 0, 0, 0, 0, 0, 0, 0, 0, 0, 0, 0, 0, 
49750, 0, 0, 0, 71, 0, 0, 0, 0, 0, 0, 0, 0, 0, 0, 0, 0, 0, 0, 0, 
49949, 0, 0, 0, 53, 0, 0, 0, 0, 0, 0, 0, 0, 0, 0, 0, 0, 0, 0, 0, 
50148, 0, 0, 0, 53, 0, 0, 0, 0, 0, 0, 0, 0, 0, 0, 0, 0, 0, 0, 0, 
50347, 0, 0, 0, 61, 0, 0, 0, 0, 0, 0, 0, 0, 0, 0, 0, 0, 0, 0, 0, 
50546, 0, 0, 0, 61, 0, 0, 0, 0, 0, 0, 0, 0, 0, 0, 0, 0, 0, 0, 0, 
50745, 0, 0, 0, 60, 0, 0, 0, 0, 0, 0, 0, 0, 0, 0, 0, 0, 0, 0, 0, 
50944, 0, 0, 0, 60, 0, 0, 0, 0, 0, 0, 0, 0, 0, 0, 0, 0, 0, 0, 0, 
51143, 0, 0, 0, 60, 0, 0, 0, 0, 0, 0, 0, 0, 0, 0, 0, 0, 0, 0, 0, 
51342, 0, 0, 0, 60, 0, 0, 0, 0, 0, 0, 0, 0, 0, 0, 0, 0, 0, 0, 0, 
51541, 0, 0, 0, 65, 0, 0, 0, 0, 0, 0, 0, 0, 0, 0, 0, 0, 0, 0, 0, 
51740, 0, 0, 0, 65, 0, 0, 0, 0, 0, 0, 0, 0, 0, 0, 0, 0, 0, 0, 0, 
51939, 0, 0, 0, 59, 0, 0, 0, 0, 0, 0, 0, 0, 0, 0, 0, 0, 0, 0, 0, 
52138, 0, 0, 0, 74, 0, 0, 0, 0, 0, 0, 0, 0, 0, 0, 0, 0, 0, 0, 0, 
52337, 0, 0, 0, 74, 0, 0, 0, 0, 0, 0, 0, 0, 0, 0, 0, 0, 0, 0, 0, 
52536, 0, 0, 0, 53, 0, 0, 0, 0, 0, 0, 0, 0, 0, 0, 0, 0, 0, 0, 0, 
52735, 0, 0, 0, 53, 0, 0, 0, 0, 0, 0, 0, 0, 0, 0, 0, 0, 0, 0, 0, 
52934, 0, 0, 0, 59, 0, 0, 0, 0, 0, 0, 0, 0, 0, 0, 0, 0, 0, 0, 0, 
53133, 0, 0, 0, 58, 0, 0, 0, 0, 0, 0, 0, 0, 0, 0, 0, 0, 0, 0, 0, 
53332, 0, 0, 0, 58, 0, 0, 0, 0, 0, 0, 0, 0, 0, 0, 0, 0, 0, 0, 0, 
53531, 0, 0, 0, 62, 0, 0, 0, 0, 0, 0, 0, 0, 0, 0, 0, 0, 0, 0, 0, 
53730, 0, 0, 0, 62, 0, 0, 0, 0, 0, 0, 0, 0, 0, 0, 0, 0, 0, 0, 0, 
53929, 0, 0, 0, 59, 0, 0, 0, 0, 0, 0, 0, 0, 0, 0, 0, 0, 0, 0, 0, 
54128, 0, 0, 0, 59, 0, 0, 0, 0, 0, 0, 0, 0, 0, 0, 0, 0, 0, 0, 0, 
54327, 0, 0, 0, 36, 0, 0, 0, 0, 0, 0, 0, 0, 0, 0, 0, 0, 0, 0, 0, 
54526, 0, 0, 0, 73, 0, 0, 0, 0, 0, 0, 0, 0, 0, 0, 0, 0, 0, 0, 0, 
54725, 0, 0, 0, 73, 0, 0, 0, 0, 0, 0, 0, 0, 0, 0, 0, 0, 0, 0, 0, 
54924, 0, 0, 0, 69, 0, 0, 0, 0, 0, 0, 0, 0, 0, 0, 0, 0, 0, 0, 0, 
55123, 0, 0, 0, 69, 0, 0, 0, 0, 0, 0, 0, 0, 0, 0, 0, 0, 0, 0, 0, 
55322, 0, 0, 0, 58, 0, 0, 0, 0, 0, 0, 0, 0, 0, 0, 0, 0, 0, 0, 0, 
55521, 0, 0, 0, 47, 0, 0, 0, 0, 0, 0, 0, 0, 0, 0, 0, 0, 0, 0, 0, 
55720, 0, 0, 0, 47, 0, 0, 0, 0, 0, 0, 0, 0, 0, 0, 0, 0, 0, 0, 0, 
55919, 0, 0, 0, 55, 0, 0, 0, 0, 0, 0, 0, 0, 0, 0, 0, 0, 0, 0, 0, 
56118, 0, 0, 0, 55, 0, 0, 0, 0, 0, 0, 0, 0, 0, 0, 0, 0, 0, 0, 0, 
56317, 0, 0, 0, 59, 0, 0, 0, 0, 0, 0, 0, 0, 0, 0, 0, 0, 0, 0, 0, 
56516, 0, 0, 0, 59, 0, 0, 0, 0, 0, 0, 0, 0, 0, 0, 0, 0, 0, 0, 0, 
56715, 0, 0, 0, 57, 0, 0, 0, 0, 0, 0, 0, 0, 0, 0, 0, 0, 0, 0, 0, 
56914, 0, 0, 0, 50, 0, 0, 0, 0, 0, 0, 0, 0, 0, 0, 0, 0, 0, 0, 0, 
57113, 0, 0, 0, 50, 0, 0, 0, 0, 0, 0, 0, 0, 0, 0, 0, 0, 0, 0, 0, 
57312, 0, 0, 0, 70, 0, 0, 0, 0, 0, 0, 0, 0, 0, 0, 0, 0, 0, 0, 0, 
57511, 0, 0, 0, 70, 0, 0, 0, 0, 0, 0, 0, 0, 0, 0, 0, 0, 0, 0, 0, 
57710, 0, 0, 0, 62, 0, 0, 0, 0, 0, 0, 0, 0, 0, 0, 0, 0, 0, 0, 0, 
57909, 0, 0, 0, 61, 0, 0, 0, 0, 0, 0, 0, 0, 0, 0, 0, 0, 0, 0, 0, 
58108, 0, 0, 0, 61, 0, 0, 0, 0, 0, 0, 0, 0, 0, 0, 0, 0, 0, 0, 0, 
58307, 0, 0, 0, 46, 0, 0, 0, 0, 0, 0, 0, 0, 0, 0, 0, 0, 0, 0, 0, 
58506, 0, 0, 0, 46, 0, 0, 0, 0, 0, 0, 0, 0, 0, 0, 0, 0, 0, 0, 0, 
58705, 0, 0, 0, 65, 0, 0, 0, 0, 0, 0, 0, 0, 0, 0, 0, 0, 0, 0, 0, 
58904, 0, 0, 0, 65, 0, 0, 0, 0, 0, 0, 0, 0, 0, 0, 0, 0, 0, 0, 0, 
59103, 0, 0, 0, 63, 0, 0, 0, 0, 0, 0, 0, 0, 0, 0, 0, 0, 0, 0, 0, 
59302, 0, 0, 0, 61, 0, 0, 0, 0, 0, 0, 0, 0, 0, 0, 0, 0, 0, 0, 0, 
59501, 0, 0, 0, 61, 0, 0, 0, 0, 0, 0, 0, 0, 0, 0, 0, 0, 0, 0, 0, 
59700, 0, 0, 0, 51, 0, 0, 0, 0, 0, 0, 0, 0, 0, 0, 0, 0, 0, 0, 0, 
59899, 0, 0, 0, 51, 0, 0, 0, 0, 0, 0, 0, 0, 0, 0, 0, 0, 0, 0, 0, 
60098, 0, 0, 0, 62, 0, 0, 0, 0, 0, 0, 0, 0, 0, 0, 0, 0, 0, 0, 0, 
60297, 0, 0, 0, 60, 0, 0, 0, 0, 0, 0, 0, 0, 0, 0, 0, 0, 0, 0, 0, 
60496, 0, 0, 0, 60, 0, 0, 0, 0, 0, 0, 0, 0, 0, 0, 0, 0, 0, 0, 0, 
60695, 0, 0, 0, 56, 0, 0, 0, 0, 0, 0, 0, 0, 0, 0, 0, 0, 0, 0, 0, 
60894, 0, 0, 0, 56, 0, 0, 0, 0, 0, 0, 0, 0, 0, 0, 0, 0, 0, 0, 0, 
61093, 0, 0, 0, 48, 0, 0, 0, 0, 0, 0, 0, 0, 0, 0, 0, 0, 0, 0, 0, 
61292, 0, 0, 0, 48, 0, 0, 0, 0, 0, 0, 0, 0, 0, 0, 0, 0, 0, 0, 0, 
61491, 0, 0, 0, 61, 0, 0, 0, 0, 0, 0, 0, 0, 0, 0, 0, 0, 0, 0, 0, 
61690, 0, 0, 0, 73, 0, 0, 0, 0, 0, 0, 0, 0, 0, 0, 0, 0, 0, 0, 0, 
61889, 0, 0, 0, 73, 0, 0, 0, 0, 0, 0, 0, 0, 0, 0, 0, 0, 0, 0, 0, 
62088, 0, 0, 0, 65, 0, 0, 0, 0, 0, 0, 0, 0, 0, 0, 0, 0, 0, 0, 0, 
62287, 0, 0, 0, 65, 0, 0, 0, 0, 0, 0, 0, 0, 0, 0, 0, 0, 0, 0, 0, 
62486, 0, 0, 0, 55, 0, 0, 0, 0, 0, 0, 0, 0, 0, 0, 0, 0, 0, 0, 0, 
62685, 0, 0, 0, 60, 0, 0, 0, 0, 0, 0, 0, 0, 0, 0, 0, 0, 0, 0, 0, 
62884, 0, 0, 0, 60, 0, 0, 0, 0, 0, 0, 0, 0, 0, 0, 0, 0, 0, 0, 0, 
63083, 0, 0, 0, 63, 0, 0, 0, 0, 0, 0, 0, 0, 0, 0, 0, 0, 0, 0, 0, 
63282, 0, 0, 0, 63, 0, 0, 0, 0, 0, 0, 0, 0, 0, 0, 0, 0, 0, 0, 0, 
63481, 0, 0, 0, 62, 0, 0, 0, 0, 0, 0, 0, 0, 0, 0, 0, 0, 0, 0, 0, 
63680, 0, 0, 0, 62, 0, 0, 0, 0, 0, 0, 0, 0, 0, 0, 0, 0, 0, 0, 0, 
63879, 0, 0, 0, 50, 0, 0, 0, 0, 0, 0, 0, 0, 0, 0, 0, 0, 0, 0, 0, 
64078, 0, 0, 0, 59, 0, 0, 0, 0, 0, 0, 0, 0, 0, 0, 0, 0, 0, 0, 0, 
64277, 0, 0, 0, 59, 0, 0, 0, 0, 0, 0, 0, 0, 0, 0, 0, 0, 0, 0, 0, 
64476, 0, 0, 0, 58, 0, 0, 0, 0, 0, 0, 0, 0, 0, 0, 0, 0, 0, 0, 0, 
64675, 0, 0, 0, 58, 0, 0, 0, 0, 0, 0, 0, 0, 0, 0, 0, 0, 0, 0, 0, 
64874, 0, 0, 0, 61, 0, 0, 0, 0, 0, 0, 0, 0, 0, 0, 0, 0, 0, 0, 0, 
65073, 0, 0, 0, 48, 0, 0, 0, 0, 0, 0, 0, 0, 0, 0, 0, 0, 0, 0, 0, 
65272, 0, 0, 0, 48, 0, 0, 0, 0, 0, 0, 0, 0, 0, 0, 0, 0, 0, 0, 0, 
65471, 0, 0, 0, 68, 0, 0, 0, 0, 0, 0, 0, 0, 0, 0, 0, 0, 0, 0, 0, 
65670, 0, 0, 0, 68, 0, 0, 0, 0, 0, 0, 0, 0, 0, 0, 0, 0, 0, 0, 0, 
65869, 0, 0, 0, 65, 0, 0, 0, 0, 0, 0, 0, 0, 0, 0, 0, 0, 0, 0, 0, 
66068, 0, 0, 0, 65, 0, 0, 0, 0, 0, 0, 0, 0, 0, 0, 0, 0, 0, 0, 0, 
66267, 0, 0, 0, 58, 0, 0, 0, 0, 0, 0, 0, 0, 0, 0, 0, 0, 0, 0, 0, 
66466, 0, 0, 0, 50, 0, 0, 0, 0, 0, 0, 0, 0, 0, 0, 0, 0, 0, 0, 0, 
66665, 0, 0, 0, 50, 0, 0, 0, 0, 0, 0, 0, 0, 0, 0, 0, 0, 0, 0, 0, 
66864, 0, 0, 0, 55, 0, 0, 0, 0, 0, 0, 0, 0, 0, 0, 0, 0, 0, 0, 0, 
67063, 0, 0, 0, 55, 0, 0, 0, 0, 0, 0, 0, 0, 0, 0, 0, 0, 0, 0, 0, 
67262, 0, 0, 0, 62, 0, 0, 0, 0, 0, 0, 0, 0, 0, 0, 0, 0, 0, 0, 0, 
67461, 0, 0, 0, 63, 0, 0, 0, 0, 0, 0, 0, 0, 0, 0, 0, 0, 0, 0, 0, 
67660, 0, 0, 0, 63, 0, 0, 0, 0, 0, 0, 0, 0, 0, 0, 0, 0, 0, 0, 0, 
67859, 0, 0, 0, 43, 0, 0, 0, 0, 0, 0, 0, 0, 0, 0, 0, 0, 0, 0, 0, 
68058, 0, 0, 0, 43, 0, 0, 0, 0, 0, 0, 0, 0, 0, 0, 0, 0, 0, 0, 0, 
68257, 0, 0, 0, 57, 0, 0, 0, 0, 0, 0, 0, 0, 0, 0, 0, 0, 0, 0, 0, 
68456, 0, 0, 0, 69, 0, 0, 0, 0, 0, 0, 0, 0, 0, 0, 0, 0, 0, 0, 0, 
68655, 0, 0, 0, 69, 0, 0, 0, 0, 0, 0, 0, 0, 0, 0, 0, 0, 0, 0, 0, 
68854, 0, 0, 0, 62, 0, 0, 0, 0, 0, 0, 0, 0, 0, 0, 0, 0, 0, 0, 0, 
69053, 0, 0, 0, 62, 0, 0, 0, 0, 0, 0, 0, 0, 0, 0, 0, 0, 0, 0, 0, 
69252, 0, 0, 0, 48, 0, 0, 0, 0, 0, 0, 0, 0, 0, 0, 0, 0, 0, 0, 0, 
69451, 0, 0, 0, 48, 0, 0, 0, 0, 0, 0, 0, 0, 0, 0, 0, 0, 0, 0, 0, 
69650, 0, 0, 0, 68, 0, 0, 0, 0, 0, 0, 0, 0, 0, 0, 0, 0, 0, 0, 0, 
69849, 0, 0, 0, 64, 0, 0, 0, 0, 0, 0, 0, 0, 0, 0, 0, 0, 0, 0, 0, 
70048, 0, 0, 0, 64, 0, 0, 0, 0, 0, 0, 0, 0, 0, 0, 0, 0, 0, 0, 0, 
70247, 0, 0, 0, 65, 0, 0, 0, 0, 0, 0, 0, 0, 0, 0, 0, 0, 0, 0, 0, 
70446, 0, 0, 0, 65, 0, 0, 0, 0, 0, 0, 0, 0, 0, 0, 0, 0, 0, 0, 0, 
70645, 0, 0, 0, 51, 0, 0, 0, 0, 0, 0, 0, 0, 0, 0, 0, 0, 0, 0, 0, 
70844, 0, 0, 0, 61, 0, 0, 0, 0, 0, 0, 0, 0, 0, 0, 0, 0, 0, 0, 0, 
71043, 0, 0, 0, 61, 0, 0, 0, 0, 0, 0, 0, 0, 0, 0, 0, 0, 0, 0, 0, 
71242, 0, 0, 0, 57, 0, 0, 0, 0, 0, 0, 0, 0, 0, 0, 0, 0, 0, 0, 0, 
71441, 0, 0, 0, 57, 0, 0, 0, 0, 0, 0, 0, 0, 0, 0, 0, 0, 0, 0, 0, 
71640, 0, 0, 0, 66, 0, 0, 0, 0, 0, 0, 0, 0, 0, 0, 0, 0, 0, 0, 0, 
71839, 0, 0, 0, 66, 0, 0, 0, 0, 0, 0, 0, 0, 0, 0, 0, 0, 0, 0, 0, 
72038, 0, 0, 0, 46, 0, 0, 0, 0, 0, 0, 0, 0, 0, 0, 0, 0, 0, 0, 0, 
72237, 0, 0, 0, 70, 0, 0, 0, 0, 0, 0, 0, 0, 0, 0, 0, 0, 0, 0, 0, 
72436, 0, 0, 0, 70, 0, 0, 0, 0, 0, 0, 0, 0, 0, 0, 0, 0, 0, 0, 0, 
72635, 0, 0, 0, 59, 0, 0, 0, 0, 0, 0, 0, 0, 0, 0, 0, 0, 0, 0, 0, 
72834, 0, 0, 0, 59, 0, 0, 0, 0, 0, 0, 0, 0, 0, 0, 0, 0, 0, 0, 0, 
73033, 0, 0, 0, 53, 0, 0, 0, 0, 0, 0, 0, 0, 0, 0, 0, 0, 0, 0, 0, 
73232, 0, 0, 0, 51, 0, 0, 0, 0, 0, 0, 0, 0, 0, 0, 0, 0, 0, 0, 0, 
73431, 0, 0, 0, 51, 0, 0, 0, 0, 0, 0, 0, 0, 0, 0, 0, 0, 0, 0, 0, 
73630, 0, 0, 0, 65, 0, 0, 0, 0, 0, 0, 0, 0, 0, 0, 0, 0, 0, 0, 0, 
73829, 0, 0, 0, 65, 0, 0, 0, 0, 0, 0, 0, 0, 0, 0, 0, 0, 0, 0, 0, 
74028, 0, 0, 0, 57, 0, 0, 0, 0, 0, 0, 0, 0, 0, 0, 0, 0, 0, 0, 0, 
74227, 0, 0, 0, 54, 0, 0, 0, 0, 0, 0, 0, 0, 0, 0, 0, 0, 0, 0, 0, 
74426, 0, 0, 0, 54, 0, 0, 0, 0, 0, 0, 0, 0, 0, 0, 0, 0, 0, 0, 0, 
74625, 0, 0, 0, 53, 0, 0, 0, 0, 0, 0, 0, 0, 0, 0, 0, 0, 0, 0, 0, 
74824, 0, 0, 0, 53, 0, 0, 0, 0, 0, 0, 0, 0, 0, 0, 0, 0, 0, 0, 0, 
75023, 0, 0, 0, 68, 0, 0, 0, 0, 0, 0, 0, 0, 0, 0, 0, 0, 0, 0, 0, 
75222, 0, 0, 0, 68, 0, 0, 0, 0, 0, 0, 0, 0, 0, 0, 0, 0, 0, 0, 0, 
75421, 0, 0, 0, 61, 0, 0, 0, 0, 0, 0, 0, 0, 0, 0, 0, 0, 0, 0, 0, 
75620, 0, 0, 0, 53, 0, 0, 0, 0, 0, 0, 0, 0, 0, 0, 0, 0, 0, 0, 0, 
75819, 0, 0, 0, 53, 0, 0, 0, 0, 0, 0, 0, 0, 0, 0, 0, 0, 0, 0, 0, 
76018, 0, 0, 0, 50, 0, 0, 0, 0, 0, 0, 0, 0, 0, 0, 0, 0, 0, 0, 0, 
76217, 0, 0, 0, 50, 0, 0, 0, 0, 0, 0, 0, 0, 0, 0, 0, 0, 0, 0, 0, 
76416, 0, 0, 0, 60, 0, 0, 0, 0, 0, 0, 0, 0, 0, 0, 0, 0, 0, 0, 0, 
76615, 0, 0, 0, 66, 0, 0, 0, 0, 0, 0, 0, 0, 0, 0, 0, 0, 0, 0, 0, 
76814, 0, 0, 0, 66, 0, 0, 0, 0, 0, 0, 0, 0, 0, 0, 0, 0, 0, 0, 0, 
77013, 0, 0, 0, 57, 0, 0, 0, 0, 0, 0, 0, 0, 0, 0, 0, 0, 0, 0, 0, 
77212, 0, 0, 0, 57, 0, 0, 0, 0, 0, 0, 0, 0, 0, 0, 0, 0, 0, 0, 0, 
77411, 0, 0, 0, 53, 0, 0, 0, 0, 0, 0, 0, 0, 0, 0, 0, 0, 0, 0, 0, 
77610, 0, 0, 0, 53, 0, 0, 0, 0, 0, 0, 0, 0, 0, 0, 0, 0, 0, 0, 0, 
77809, 0, 0, 0, 62, 0, 0, 0, 0, 0, 0, 0, 0, 0, 0, 0, 0, 0, 0, 0, 
78008, 0, 0, 0, 70, 0, 0, 0, 0, 0, 0, 0, 0, 0, 0, 0, 0, 0, 0, 0, 
78207, 0, 0, 0, 70, 0, 0, 0, 0, 0, 0, 0, 0, 0, 0, 0, 0, 0, 0, 0, 
78406, 0, 0, 0, 57, 0, 0, 0, 0, 0, 0, 0, 0, 0, 0, 0, 0, 0, 0, 0, 
78605, 0, 0, 0, 57, 0, 0, 0, 0, 0, 0, 0, 0, 0, 0, 0, 0, 0, 0, 0, 
78804, 0, 0, 0, 58, 0, 0, 0, 0, 0, 0, 0, 0, 0, 0, 0, 0, 0, 0, 0, 
79003, 0, 0, 0, 58, 0, 0, 0, 0, 0, 0, 0, 0, 0, 0, 0, 0, 0, 0, 0, 
79202, 0, 0, 0, 58, 0, 0, 0, 0, 0, 0, 0, 0, 0, 0, 0, 0, 0, 0, 0, 
79401, 0, 0, 0, 58, 0, 0, 0, 0, 0, 0, 0, 0, 0, 0, 0, 0, 0, 0, 0, 
79600, 0, 0, 0, 58, 0, 0, 0, 0, 0, 0, 0, 0, 0, 0, 0, 0, 0, 0, 0, 
79799, 0, 0, 0, 56, 0, 0, 0, 0, 0, 0, 0, 0, 0, 0, 0, 0, 0, 0, 0, 
79998, 0, 0, 0, 56, 0, 0, 0, 0, 0, 0, 0, 0, 0, 0, 0, 0, 0, 0, 0, 
80197, 0, 0, 0, 57, 0, 0, 0, 0, 0, 0, 0, 0, 0, 0, 0, 0, 0, 0, 0, 
80396, 0, 0, 0, 37, 0, 0, 0, 0, 0, 0, 0, 0, 0, 0, 0, 0, 0, 0, 0, 
80595, 0, 0, 0, 37, 0, 0, 0, 0, 0, 0, 0, 0, 0, 0, 0, 0, 0, 0, 0, 
80794, 0, 0, 0, 38, 0, 0, 0, 0, 0, 0, 0, 0, 0, 0, 0, 0, 0, 0, 0, 
80993, 0, 0, 0, 38, 0, 0, 0, 0, 0, 0, 0, 0, 0, 0, 0, 0, 0, 0, 0, 
81192, 0, 0, 0, 153, 0, 0, 0, 0, 0, 0, 0, 0, 0, 0, 0, 0, 0, 0, 0, 
81391, 0, 0, 0, 39, 0, 0, 0, 0, 0, 0, 0, 0, 0, 0, 0, 0, 0, 0, 0, 
81590, 0, 0, 0, 39, 0, 0, 0, 0, 0, 0, 0, 0, 0, 0, 0, 0, 0, 0, 0, 
81789, 0, 0, 0, 185, 0, 0, 0, 0, 0, 0, 0, 0, 0, 0, 0, 0, 0, 0, 0, 
81988, 0, 0, 0, 107, 0, 0, 0, 0, 0, 0, 0, 0, 0, 0, 0, 0, 0, 0, 0, 
82187, 0, 0, 0, 83, 0, 0, 0, 0, 0, 0, 0, 0, 0, 0, 0, 0, 0, 0, 0, 
82386, 0, 0, 0, 70, 0, 0, 0, 0, 0, 0, 0, 0, 0, 0, 0, 0, 0, 0, 0, 
82585, 0, 0, 0, 70, 0, 0, 0, 0, 0, 0, 0, 0, 0, 0, 0, 0, 0, 0, 0, 
82784, 0, 0, 0, 104, 0, 0, 0, 0, 0, 0, 0, 0, 0, 0, 0, 0, 0, 0, 0, 
82983, 0, 0, 0, 104, 0, 0, 0, 0, 0, 0, 0, 0, 0, 0, 0, 0, 0, 0, 0, 
83182, 0, 0, 0, 110, 0, 0, 0, 0, 0, 0, 0, 0, 0, 0, 0, 0, 0, 0, 0, 
83381, 0, 0, 0, 79, 0, 0, 0, 0, 0, 0, 0, 0, 0, 0, 0, 0, 0, 0, 0, 
83580, 0, 0, 0, 79, 0, 0, 0, 0, 0, 0, 0, 0, 0, 0, 0, 0, 0, 0, 0, 
83779, 0, 0, 0, 36, 0, 0, 0, 0, 0, 0, 0, 0, 0, 0, 0, 0, 0, 0, 0, 
83978, 0, 0, 0, 36, 0, 0, 0, 0, 0, 0, 0, 0, 0, 0, 0, 0, 0, 0, 0, 
84177, 0, 0, 0, 52, 0, 0, 0, 0, 0, 0, 0, 0, 0, 0, 0, 0, 0, 0, 0, 
84376, 0, 0, 0, 52, 0, 0, 0, 0, 0, 0, 0, 0, 0, 0, 0, 0, 0, 0, 0, 
84575, 0, 0, 0, 14, 0, 0, 0, 0, 0, 0, 0, 0, 0, 0, 0, 0, 0, 0, 0, 
84774, 0, 0, 0, 0, 0, 0, 0, 0, 0, 0, 0, 0, 0, 0, 0, 0, 0, 0, 0, 
84973, 0, 0, 0, 0, 0, 0, 0, 0, 0, 0, 0, 0, 0, 0, 0, 0, 0, 0, 0, 
85172, 0, 0, 0, 0, 0, 0, 0, 0, 0, 0, 0, 0, 0, 0, 0, 0, 0, 0, 0, 
85371, 0, 0, 0, 0, 0, 0, 0, 0, 0, 0, 0, 0, 0, 0, 0, 0, 0, 0, 0, 
85570, 0, 0, 0, 0, 0, 0, 0, 0, 0, 0, 0, 0, 0, 0, 0, 0, 0, 0, 0, 
85769, 0, 0, 0, 0, 0, 0, 0, 0, 0, 0, 0, 0, 0, 0, 0, 0, 0, 0, 0, 
85968, 0, 0, 0, 0, 0, 0, 0, 0, 0, 0, 0, 0, 0, 0, 0, 0, 0, 0, 0, 
86167, 0, 0, 0, 0, 0, 0, 0, 0, 0, 0, 0, 0, 0, 0, 0, 0, 0, 0, 0, 
86366, 0, 0, 0, 0, 0, 0, 0, 0, 0, 0, 0, 0, 0, 0, 0, 0, 0, 0, 0, 
86565, 0, 0, 0, 0, 0, 0, 0, 0, 0, 0, 0, 0, 0, 0, 0, 0, 0, 0, 0, 
86764, 0, 0, 0, 0, 0, 0, 0, 0, 0, 0, 0, 0, 0, 1, 0, 0, 0, 0, 0, 
86963, 2, 29, 0, 0, 0, 0, 0, 0, 0, 0, 0, 3, 0, 1, 0, 0, 0, 0, 0, 
87162, 23, 0, 0, 156, 5, 0, 0, 0, 0, 0, 0, 3, 0, 1, 0, 0, 0, 0, 0, 
87361, 0, 0, 0, 156, 5, 0, 0, 0, 0, 0, 0, 9, 1, 0, 0, 0, 0, 0, 0, 
87560, 0, 0, 0, 150, 367, 0, 0, 0, 0, 0, 0, 9, 1, 0, 0, 0, 0, 1, 1, 
87759, 0, 0, 0, 150, 367, 0, 0, 0, 0, 0, 0, 746, 90, 94, 81, 0, 0, 1, 1, 
87958, 0, 0, 0, 27, 1585, 0, 0, 0, 0, 0, 0, 178, 5, 94, 81, 0, 0, 0, 20, 
88157, 0, 0, 0, 0, 1585, 0, 0, 0, 0, 0, 0, 178, 5, 74, 0, 0, 0, 0, 20, 
88356, 0, 0, 0, 0, 1544, 0, 0, 0, 0, 0, 0, 24, 0, 74, 0, 0, 0, 0, 0, 
88555, 0, 0, 0, 0, 1544, 0, 0, 0, 0, 0, 0, 24, 0, 184, 1, 0, 0, 0, 0, 
88754, 0, 0, 0, 0, 1426, 0, 0, 0, 0, 0, 0, 25, 0, 184, 1, 0, 0, 0, 0, 
88953, 0, 0, 0, 0, 1426, 0, 0, 0, 0, 0, 0, 25, 0, 362, 24, 0, 0, 0, 0, 
89152, 0, 0, 260, 15, 1127, 0, 0, 0, 0, 0, 0, 309, 4, 362, 24, 0, 0, 0, 0, 
89351, 0, 0, 263, 29, 1127, 0, 0, 0, 0, 0, 0, 309, 4, 391, 54, 0, 0, 12, 13, 
89550, 0, 0, 263, 37, 1372, 0, 0, 0, 0, 0, 0, 961, 54, 391, 54, 0, 0, 12, 13, 
89749, 0, 0, 18, 29, 1392, 0, 0, 0, 0, 0, 0, 345, 18, 204, 25, 0, 0, 4, 3, 
89948, 0, 0, 75, 27, 1392, 0, 0, 0, 0, 0, 0, 345, 18, 204, 25, 0, 0, 4, 3, 
90147, 0, 0, 129, 26, 1441, 0, 0, 0, 0, 0, 0, 285, 13, 204, 25, 0, 0, 3, 3, 
90346, 0, 0, 54, 5, 1441, 0, 0, 0, 0, 0, 0, 182, 7, 229, 25, 0, 0, 3, 9, 
90545, 0, 0, 69, 1, 1398, 0, 0, 0, 0, 0, 0, 182, 7, 229, 25, 0, 0, 3, 9, 
90744, 0, 0, 50, 13, 1398, 0, 0, 0, 0, 0, 0, 335, 14, 208, 22, 0, 0, 3, 9, 
90943, 0, 0, 134, 22, 1507, 0, 0, 0, 0, 0, 0, 335, 14, 208, 22, 0, 0, 3, 5, 
91142, 0, 0, 23, 24, 1507, 0, 0, 0, 0, 0, 0, 206, 10, 150, 18, 0, 0, 3, 5, 
91341, 0, 0, 102, 33, 1470, 0, 0, 0, 0, 0, 0, 165, 7, 150, 18, 0, 0, 2, 3, 
91540, 0, 0, 39, 20, 1470, 0, 0, 0, 0, 0, 0, 165, 7, 132, 14, 0, 0, 2, 3, 
91739, 0, 0, 52, 20, 1417, 0, 0, 0, 0, 0, 0, 235, 10, 132, 14, 0, 0, 3, 4, 
91938, 0, 0, 53, 20, 1417, 0, 0, 0, 0, 0, 0, 235, 10, 223, 24, 0, 0, 3, 4, 
92137, 0, 0, 0, 11, 1552, 0, 0, 0, 0, 0, 0, 262, 11, 223, 24, 0, 0, 2, 3, 
92336, 0, 0, 76, 0, 1552, 0, 0, 0, 0, 0, 0, 262, 11, 204, 20, 0, 0, 2, 3, 
92535, 0, 0, 34, 8, 1417, 0, 0, 0, 0, 0, 0, 300, 14, 204, 20, 0, 0, 4, 3, 
92734, 0, 0, 73, 8, 1417, 0, 0, 0, 0, 0, 0, 300, 14, 134, 17, 0, 0, 4, 3, 
92933, 0, 0, 107, 7, 1502, 0, 0, 0, 0, 0, 0, 183, 9, 134, 17, 0, 0, 2, 3, 
93132, 0, 0, 122, 7, 1572, 0, 0, 0, 0, 0, 0, 146, 5, 134, 17, 0, 0, 2, 3, 
93331, 0, 0, 0, 3, 1572, 0, 0, 0, 0, 0, 0, 146, 5, 99, 13, 0, 0, 2, 4, 
93530, 0, 0, 30, 3, 1513, 0, 0, 0, 0, 0, 0, 201, 10, 99, 13, 0, 0, 2, 4, 
93729, 0, 0, 115, 18, 1513, 0, 0, 0, 0, 0, 0, 201, 10, 92, 11, 0, 0, 0, 3, 
93928, 0, 0, 14, 8, 1543, 0, 0, 0, 0, 0, 0, 159, 7, 92, 11, 0, 0, 0, 3, 
94127, 0, 0, 0, 8, 1543, 0, 0, 0, 0, 0, 0, 204, 8, 135, 13, 0, 0, 0, 3, 
94326, 0, 0, 93, 8, 1557, 0, 0, 0, 0, 0, 0, 204, 8, 135, 13, 0, 0, 2, 5, 
94525, 0, 0, 15, 8, 1557, 0, 0, 0, 0, 0, 0, 229, 9, 248, 21, 0, 0, 2, 5, 
94724, 0, 0, 145, 5, 1496, 0, 0, 0, 0, 0, 0, 591, 23, 248, 21, 0, 0, 3, 6, 
94923, 0, 0, 68, 4, 1496, 0, 0, 0, 0, 0, 0, 591, 23, 386, 35, 0, 0, 3, 6, 
95122, 0, 0, 261, 24, 1292, 0, 0, 0, 0, 0, 0, 420, 20, 386, 35, 0, 0, 6, 9, 
95321, 0, 0, 90, 35, 1292, 0, 0, 0, 0, 0, 0, 420, 20, 272, 34, 0, 0, 6, 9, 
95520, 0, 0, 24, 22, 1470, 0, 0, 0, 0, 0, 0, 361, 17, 272, 34, 0, 0, 2, 4, 
95719, 0, 0, 125, 32, 1470, 0, 0, 0, 0, 0, 0, 190, 9, 157, 18, 0, 0, 2, 4, 
95918, 0, 0, 62, 22, 1426, 0, 0, 0, 0, 0, 0, 190, 9, 157, 18, 0, 0, 4, 2, 
96117, 0, 0, 105, 18, 1426, 0, 0, 0, 0, 0, 0, 149, 6, 148, 18, 0, 0, 4, 2, 
96316, 0, 0, 85, 12, 1477, 0, 0, 0, 0, 0, 0, 189, 8, 148, 18, 0, 0, 1, 4, 
96515, 0, 0, 4, 14, 1516, 0, 0, 0, 0, 0, 0, 189, 8, 148, 18, 0, 0, 1, 4, 
96714, 0, 0, 53, 23, 1516, 0, 0, 0, 0, 0, 0, 311, 13, 156, 17, 0, 0, 2, 5, 
96913, 0, 0, 47, 19, 1461, 0, 0, 0, 0, 0, 0, 311, 13, 156, 17, 0, 0, 2, 5, 
97112, 0, 0, 50, 19, 1461, 0, 0, 0, 0, 0, 0, 256, 11, 226, 20, 0, 0, 3, 3, 
97311, 0, 0, 44, 16, 1429, 0, 0, 0, 0, 0, 0, 180, 8, 226, 20, 0, 0, 3, 3, 
97510, 0, 0, 44, 16, 1429, 0, 0, 0, 0, 0, 0, 180, 8, 130, 15, 0, 0, 1, 3, 
97709, 0, 0, 69, 6, 1549, 0, 0, 0, 0, 0, 0, 134, 6, 130, 15, 0, 0, 1, 4, 
97908, 0, 0, 106, 6, 1549, 0, 0, 0, 0, 0, 0, 231, 11, 147, 21, 0, 0, 2, 4, 
98107, 0, 0, 106, 2, 1449, 0, 0, 0, 0, 0, 0, 231, 11, 147, 21, 0, 0, 2, 3, 
98306, 0, 0, 39, 2, 1449, 0, 0, 0, 0, 0, 0, 273, 10, 162, 12, 0, 0, 1, 3, 
98505, 0, 0, 7, 2, 1461, 0, 0, 0, 0, 0, 0, 273, 10, 162, 12, 0, 0, 1, 5, 
98704, 0, 0, 33, 12, 1461, 0, 0, 0, 0, 0, 0, 117, 6, 166, 19, 0, 0, 2, 5, 
98903, 0, 0, 87, 12, 1557, 0, 0, 0, 0, 0, 0, 226, 8, 166, 19, 0, 0, 2, 4, 
99102, 0, 0, 40, 16, 1557, 0, 0, 0, 0, 0, 0, 226, 8, 175, 22, 0, 0, 2, 4, 
99301, 0, 0, 0, 16, 1440, 0, 0, 0, 0, 0, 0, 227, 12, 175, 22, 0, 0, 2, 2, 
99500, 0, 0, 84, 15, 1440, 0, 0, 0, 0, 0, 0, 239, 10, 175, 22, 0, 0, 2, 2, 
99699, 0, 0, 72, 18, 1433, 0, 0, 0, 0, 0, 0, 239, 10, 159, 14, 0, 0, 1, 5, 
99898, 0, 0, 32, 18, 1433, 0, 0, 0, 0, 0, 0, 257, 11, 159, 14, 0, 0, 1, 5, 
100097, 0, 0, 123, 7, 1656, 0, 0, 0, 0, 0, 0, 257, 11, 172, 17, 0, 0, 3, 3, 
100296, 0, 0, 0, 7, 1477, 0, 0, 0, 0, 0, 0, 132, 6, 172, 17, 0, 0, 3, 3, 
100495, 0, 0, 59, 16, 1477, 0, 0, 0, 0, 0, 0, 132, 6, 148, 14, 0, 0, 2, 5, 
100694, 0, 0, 82, 9, 1444, 0, 0, 0, 0, 0, 0, 314, 13, 148, 14, 0, 0, 2, 5, 
100893, 0, 0, 88, 9, 1444, 0, 0, 0, 0, 0, 0, 361, 15, 277, 30, 0, 0, 1, 5, 
101092, 0, 0, 108, 17, 1529, 0, 0, 0, 0, 0, 0, 361, 15, 277, 30, 0, 0, 1, 5, 
101291, 0, 0, 121, 22, 1529, 0, 0, 0, 0, 0, 0, 294, 11, 260, 23, 0, 0, 3, 5, 
101490, 0, 0, 107, 31, 1414, 0, 0, 0, 0, 0, 0, 294, 11, 260, 23, 0, 0, 3, 6, 
101689, 0, 0, 125, 13, 1414, 0, 0, 0, 0, 0, 0, 425, 21, 304, 38, 0, 0, 4, 6, 
101888, 0, 0, 84, 17, 1446, 0, 0, 0, 0, 0, 0, 95, 5, 304, 38, 0, 0, 4, 6, 
102087, 0, 0, 218, 11, 1446, 0, 0, 0, 0, 0, 0, 95, 5, 122, 13, 0, 0, 4, 6, 
102286, 0, 0, 7, 10, 1446, 0, 0, 0, 0, 0, 0, 347, 14, 122, 13, 0, 0, 4, 3, 
102485, 0, 0, 36, 13, 1442, 0, 0, 0, 0, 0, 0, 163, 7, 188, 20, 0, 0, 4, 3, 
102684, 0, 0, 36, 10, 1442, 0, 0, 0, 0, 0, 0, 163, 7, 188, 20, 0, 0, 1, 5, 
102883, 0, 0, 58, 10, 1449, 0, 0, 0, 0, 0, 0, 347, 15, 188, 20, 0, 0, 1, 5, 
103082, 0, 0, 53, 6, 1449, 0, 0, 0, 0, 0, 0, 347, 15, 234, 22, 0, 0, 3, 6, 
103281, 0, 0, 102, 6, 1587, 0, 0, 0, 0, 0, 0, 334, 12, 234, 22, 0, 0, 3, 6, 
103480, 0, 0, 157, 8, 1587, 0, 0, 0, 0, 0, 0, 665, 26, 434, 44, 0, 0, 3, 11, 
103679, 0, 0, 0, 8, 1441, 0, 0, 0, 0, 0, 0, 665, 26, 434, 44, 0, 0, 3, 11, 
103878, 0, 0, 216, 23, 1441, 0, 0, 0, 0, 0, 0, 1238, 53, 771, 77, 0, 0, 3, 25, 
104077, 0, 0, 383, 49, 1363, 0, 0, 0, 0, 0, 0, 1238, 53, 771, 77, 0, 0, 3, 25, 
104276, 0, 0, 475, 49, 1363, 0, 0, 0, 0, 0, 0, 1387, 64, 1027, 114, 0, 0, 5, 25, 
104475, 0, 0, 544, 13, 1319, 0, 0, 0, 0, 0, 0, 1295, 60, 1027, 114, 0, 0, 5, 26, 
104674, 0, 0, 322, 13, 1188, 0, 0, 0, 0, 0, 0, 1295, 60, 850, 95, 0, 0, 18, 26, 
104873, 0, 0, 335, 83, 1188, 0, 0, 0, 0, 0, 0, 551, 28, 850, 95, 0, 0, 18, 13, 
105072, 0, 0, 39, 92, 1188, 0, 0, 0, 0, 0, 0, 117, 6, 154, 21, 0, 0, 15, 13, 
105271, 0, 0, 46, 91, 1079, 0, 0, 0, 0, 0, 0, 117, 6, 154, 21, 0, 0, 15, 3, 
105470, 0, 0, 190, 69, 1410, 0, 0, 0, 0, 0, 0, 378, 15, 254, 25, 0, 0, 6, 3, 
105669, 0, 0, 45, 69, 1410, 0, 0, 0, 0, 0, 0, 378, 15, 254, 25, 0, 0, 6, 8, 
105868, 0, 0, 10, 9, 1481, 0, 0, 0, 0, 0, 0, 371, 14, 254, 25, 0, 0, 6, 8, 
106067, 0, 0, 257, 11, 1481, 0, 0, 0, 0, 0, 0, 1272, 53, 506, 48, 0, 0, 4, 19, 
106266, 0, 0, 335, 9, 1434, 0, 0, 0, 0, 0, 0, 1272, 53, 506, 48, 0, 0, 4, 19, 
106465, 0, 0, 431, 21, 1434, 0, 0, 0, 0, 0, 0, 1378, 62, 1004, 107, 0, 0, 4, 26, 
106664, 0, 0, 493, 22, 1405, 0, 0, 0, 0, 0, 0, 1296, 59, 1004, 107, 0, 0, 4, 26, 
106863, 0, 0, 465, 48, 1405, 0, 0, 0, 0, 0, 0, 1296, 59, 1040, 112, 0, 0, 11, 26, 
107062, 0, 0, 443, 48, 1295, 0, 0, 0, 0, 0, 0, 1450, 63, 1040, 112, 0, 0, 11, 26, 
107261, 0, 0, 378, 71, 1285, 0, 0, 0, 0, 0, 0, 1450, 63, 1040, 114, 0, 0, 17, 26, 
107460, 0, 0, 411, 79, 1285, 0, 0, 0, 0, 0, 0, 1305, 60, 1040, 114, 0, 0, 17, 26, 
107659, 0, 0, 471, 79, 1285, 0, 0, 0, 0, 0, 0, 1365, 60, 1024, 110, 0, 0, 18, 26, 
107858, 0, 0, 290, 80, 1290, 0, 0, 0, 0, 0, 0, 1365, 60, 1024, 110, 0, 0, 18, 26, 
108057, 0, 0, 290, 80, 1290, 0, 0, 0, 0, 0, 0, 1312, 59, 1053, 115, 0, 0, 16, 26, 
108256, 0, 0, 536, 74, 1223, 0, 0, 0, 0, 0, 0, 1422, 65, 1053, 115, 0, 0, 16, 25, 
108455, 0, 0, 401, 74, 1223, 0, 0, 0, 0, 0, 0, 1422, 65, 1040, 112, 0, 0, 17, 25, 
108654, 0, 0, 408, 79, 1223, 0, 0, 0, 0, 0, 0, 1230, 54, 1040, 112, 0, 0, 17, 26, 
108853, 0, 0, 420, 81, 1299, 0, 0, 0, 0, 0, 0, 1230, 54, 1027, 111, 0, 0, 17, 26, 
109052, 0, 0, 388, 81, 1299, 0, 0, 0, 0, 0, 0, 1437, 67, 1027, 111, 0, 0, 17, 26, 
109251, 0, 0, 449, 85, 1267, 0, 0, 0, 0, 0, 0, 1437, 67, 1027, 111, 0, 0, 16, 26, 
109450, 0, 0, 400, 85, 1267, 0, 0, 0, 0, 0, 0, 1229, 54, 901, 98, 0, 0, 16, 26, 
109649, 0, 0, 419, 61, 1267, 0, 0, 0, 0, 0, 0, 1441, 64, 901, 98, 0, 0, 16, 26, 
109848, 0, 0, 387, 74, 1265, 0, 0, 0, 0, 0, 0, 1441, 64, 1190, 129, 0, 0, 18, 25, 
110047, 0, 0, 444, 75, 1265, 0, 0, 0, 0, 0, 0, 1297, 58, 1190, 129, 0, 0, 18, 25, 
110246, 0, 0, 393, 74, 1297, 0, 0, 0, 0, 0, 0, 1297, 58, 1040, 110, 0, 0, 16, 25, 
110445, 0, 0, 394, 70, 1297, 0, 0, 0, 0, 0, 0, 1330, 58, 1040, 110, 0, 0, 16, 25, 
110644, 0, 0, 438, 80, 1297, 0, 0, 0, 0, 0, 0, 1330, 58, 1040, 110, 0, 0, 17, 26, 
110843, 0, 0, 417, 91, 1222, 0, 0, 0, 0, 0, 0, 1358, 61, 1036, 112, 0, 0, 17, 26, 
111042, 0, 0, 378, 91, 1222, 0, 0, 0, 0, 0, 0, 1346, 61, 1036, 112, 0, 0, 17, 26, 
111241, 0, 0, 444, 78, 1268, 0, 0, 0, 0, 0, 0, 1346, 61, 1039, 112, 0, 0, 17, 26, 
111440, 0, 0, 427, 78, 1268, 0, 0, 0, 0, 0, 0, 1278, 58, 1039, 112, 0, 0, 17, 26, 
111639, 0, 0, 367, 81, 1268, 0, 0, 0, 0, 0, 0, 1278, 58, 1039, 113, 0, 0, 17, 25, 
111838, 0, 0, 403, 81, 1257, 0, 0, 0, 0, 0, 0, 1404, 62, 1039, 113, 0, 0, 17, 25, 
112037, 0, 0, 473, 77, 1257, 0, 0, 0, 0, 0, 0, 1404, 62, 1040, 113, 0, 0, 17, 25, 
112236, 0, 0, 379, 76, 1286, 0, 0, 0, 0, 0, 0, 1238, 57, 1040, 113, 0, 0, 17, 25, 
112435, 0, 0, 423, 76, 1286, 0, 0, 0, 0, 0, 0, 1446, 65, 1038, 112, 0, 0, 17, 25, 
112634, 0, 0, 467, 75, 1286, 0, 0, 0, 0, 0, 0, 1446, 65, 1038, 112, 0, 0, 17, 25, 
112833, 0, 0, 371, 75, 1317, 0, 0, 0, 0, 0, 0, 1293, 57, 1040, 114, 0, 0, 17, 27, 
113032, 0, 0, 438, 84, 1317, 0, 0, 0, 0, 0, 0, 1293, 57, 1040, 114, 0, 0, 17, 27, 
113231, 0, 0, 393, 72, 1248, 0, 0, 0, 0, 0, 0, 1377, 61, 1040, 112, 0, 0, 17, 14, 
113430, 0, 0, 382, 72, 1248, 0, 0, 0, 0, 0, 0, 1377, 61, 1040, 112, 0, 0, 16, 14, 
113629, 0, 0, 382, 77, 1248, 0, 0, 0, 0, 0, 0, 1267, 57, 1039, 112, 0, 0, 16, 14, 
113828, 0, 0, 518, 77, 1277, 0, 0, 0, 0, 0, 0, 1408, 63, 1039, 112, 0, 0, 17, 14, 
114027, 0, 0, 389, 80, 1277, 0, 0, 0, 0, 0, 0, 1408, 63, 1039, 112, 0, 0, 17, 49, 
114226, 0, 0, 390, 80, 1255, 0, 0, 0, 0, 0, 0, 1316, 59, 1038, 112, 0, 0, 16, 49, 
114425, 0, 0, 452, 76, 1255, 0, 0, 0, 0, 0, 0, 1316, 59, 1038, 112, 0, 0, 16, 25, 
114624, 0, 0, 385, 70, 1255, 0, 0, 0, 0, 0, 0, 1378, 61, 1041, 112, 0, 0, 18, 25, 
114823, 0, 0, 455, 72, 1281, 0, 0, 0, 0, 0, 0, 1378, 61, 1041, 112, 0, 0, 18, 25, 
115022, 0, 0, 382, 70, 1281, 0, 0, 0, 0, 0, 0, 1312, 59, 1038, 113, 0, 0, 16, 25, 
115221, 0, 0, 384, 70, 1281, 0, 0, 0, 0, 0, 0, 1370, 62, 1038, 113, 0, 0, 16, 26, 
115420, 0, 0, 455, 75, 1291, 0, 0, 0, 0, 0, 0, 1370, 62, 1039, 112, 0, 0, 16, 26, 
115619, 0, 0, 401, 79, 1291, 0, 0, 0, 0, 0, 0, 1251, 56, 1039, 112, 0, 0, 16, 25, 
115818, 0, 0, 436, 79, 1223, 0, 0, 0, 0, 0, 0, 1387, 61, 1039, 111, 0, 0, 16, 25, 
116017, 0, 0, 386, 79, 1223, 0, 0, 0, 0, 0, 0, 1387, 61, 1039, 111, 0, 0, 17, 25, 
116216, 0, 0, 348, 79, 1223, 0, 0, 0, 0, 0, 0, 1187, 56, 1035, 110, 0, 0, 17, 25, 
116415, 0, 0, 470, 82, 1363, 0, 0, 0, 0, 0, 0, 1187, 56, 1035, 110, 0, 0, 15, 25, 
116614, 0, 0, 208, 82, 1363, 0, 0, 0, 0, 0, 0, 543, 26, 470, 55, 0, 0, 15, 11, 
116813, 0, 0, 67, 56, 1101, 0, 0, 0, 0, 0, 0, 543, 26, 470, 55, 0, 0, 18, 11, 
117012, 0, 0, 204, 22, 1101, 0, 0, 0, 0, 0, 0, 1101, 45, 470, 55, 0, 0, 18, 17, 
117211, 0, 0, 114, 22, 1106, 0, 0, 0, 0, 0, 0, 1101, 45, 741, 74, 0, 0, 5, 17, 
117410, 0, 0, 470, 77, 1198, 0, 0, 0, 0, 0, 0, 1469, 66, 741, 74, 0, 0, 5, 28, 
117609, 0, 0, 394, 77, 1198, 0, 0, 0, 0, 0, 0, 1210, 55, 1040, 118, 0, 0, 15, 28, 
117808, 0, 0, 582, 77, 1308, 0, 0, 0, 0, 0, 0, 1210, 55, 1040, 118, 0, 0, 15, 25, 
118007, 0, 0, 388, 79, 1308, 0, 0, 0, 0, 0, 0, 1447, 64, 1040, 111, 0, 0, 19, 25, 
118206, 0, 0, 428, 79, 1308, 0, 0, 0, 0, 0, 0, 1447, 64, 1040, 111, 0, 0, 19, 25, 
118405, 0, 0, 487, 74, 1216, 0, 0, 0, 0, 0, 0, 1273, 58, 1038, 111, 0, 0, 16, 25, 
118604, 0, 0, 374, 74, 1216, 0, 0, 0, 0, 0, 0, 1273, 58, 1038, 111, 0, 0, 16, 26, 
118803, 0, 0, 382, 81, 1280, 0, 0, 0, 0, 0, 0, 1410, 62, 1040, 114, 0, 0, 18, 26, 
119002, 0, 0, 427, 73, 1280, 0, 0, 0, 0, 0, 0, 1246, 56, 1040, 114, 0, 0, 18, 25, 
119201, 0, 0, 344, 73, 1280, 0, 0, 0, 0, 0, 0, 1246, 56, 1038, 110, 0, 0, 16, 25, 
119400, 0, 0, 482, 80, 1259, 0, 0, 0, 0, 0, 0, 1397, 62, 1038, 110, 0, 0, 16, 25, 
119599, 0, 0, 460, 80, 1259, 0, 0, 0, 0, 0, 0, 1397, 62, 1040, 113, 0, 0, 17, 25, 
119798, 0, 0, 317, 78, 1283, 0, 0, 0, 0, 0, 0, 1266, 58, 1040, 113, 0, 0, 17, 25, 
119997, 0, 0, 317, 78, 1283, 0, 0, 0, 0, 0, 0, 1266, 58, 1040, 111, 0, 0, 17, 26, 
120196, 0, 0, 473, 75, 1283, 0, 0, 0, 0, 0, 0, 1384, 60, 1040, 111, 0, 0, 17, 26, 
120395, 0, 0, 428, 67, 1308, 0, 0, 0, 0, 0, 0, 1384, 60, 1040, 111, 0, 0, 17, 25, 
120594, 0, 0, 380, 71, 1308, 0, 0, 0, 0, 0, 0, 1336, 62, 1038, 112, 0, 0, 16, 25, 
120793, 0, 0, 472, 69, 1224, 0, 0, 0, 0, 0, 0, 1336, 62, 1038, 112, 0, 0, 16, 26, 
120992, 0, 0, 420, 78, 1224, 0, 0, 0, 0, 0, 0, 1404, 62, 1041, 113, 0, 0, 18, 26, 
121191, 0, 0, 401, 69, 1224, 0, 0, 0, 0, 0, 0, 1286, 58, 1041, 113, 0, 0, 18, 25, 
121390, 0, 0, 416, 73, 1264, 0, 0, 0, 0, 0, 0, 1286, 58, 1037, 111, 0, 0, 17, 25, 
121589, 0, 0, 398, 72, 1393, 0, 0, 0, 0, 0, 0, 1391, 63, 1037, 111, 0, 0, 17, 26, 
121788, 0, 0, 413, 78, 1393, 0, 0, 0, 0, 0, 0, 1262, 56, 1038, 110, 0, 0, 16, 26, 
121987, 0, 0, 441, 78, 1336, 0, 0, 0, 0, 0, 0, 1262, 56, 1038, 110, 0, 0, 16, 24, 
122186, 0, 0, 400, 90, 1336, 0, 0, 0, 0, 0, 0, 1315, 60, 1031, 111, 0, 0, 17, 24, 
122385, 0, 0, 348, 90, 1373, 0, 0, 0, 0, 0, 0, 1315, 60, 1031, 111, 0, 0, 17, 14, 
122584, 0, 0, 245, 42, 1373, 0, 0, 0, 0, 0, 0, 785, 37, 643, 73, 0, 0, 14, 14, 
122783, 0, 0, 294, 19, 1088, 0, 0, 0, 0, 0, 0, 438, 21, 643, 73, 0, 0, 14, 14, 
122982, 0, 0, 40, 19, 1088, 0, 0, 0, 0, 0, 0, 438, 21, 222, 26, 0, 0, 9, 7, 
123181, 0, 0, 128, 38, 1131, 0, 0, 0, 0, 0, 0, 268, 12, 222, 26, 0, 0, 9, 7, 
123380, 0, 0, 268, 38, 1131, 0, 0, 0, 0, 0, 0, 1229, 49, 222, 26, 0, 0, 4, 12, 
123579, 0, 0, 501, 83, 1100, 0, 0, 0, 0, 0, 0, 1229, 49, 807, 81, 0, 0, 4, 12, 
123778, 0, 0, 351, 75, 1100, 0, 0, 0, 0, 0, 0, 1229, 49, 807, 81, 0, 0, 14, 27, 
123977, 0, 0, 490, 75, 1272, 0, 0, 0, 0, 0, 0, 1306, 62, 1040, 118, 0, 0, 14, 27, 
124176, 0, 0, 370, 77, 1272, 0, 0, 0, 0, 0, 0, 1405, 61, 1040, 118, 0, 0, 18, 25, 
124375, 0, 0, 489, 77, 1266, 0, 0, 0, 0, 0, 0, 1405, 61, 1040, 111, 0, 0, 18, 25, 
124574, 0, 0, 355, 57, 1266, 0, 0, 0, 0, 0, 0, 1265, 58, 1040, 111, 0, 0, 16, 25, 
124773, 0, 0, 460, 57, 1266, 0, 0, 0, 0, 0, 0, 1265, 58, 1040, 112, 0, 0, 16, 25, 
124972, 0, 0, 406, 61, 1316, 0, 0, 0, 0, 0, 0, 1412, 62, 1040, 112, 0, 0, 18, 26, 
125171, 0, 0, 452, 67, 1316, 0, 0, 0, 0, 0, 0, 1412, 62, 1039, 111, 0, 0, 18, 26, 
125370, 0, 0, 370, 67, 1266, 0, 0, 0, 0, 0, 0, 1238, 56, 1039, 111, 0, 0, 18, 26, 
125569, 0, 0, 370, 58, 1266, 0, 0, 0, 0, 0, 0, 1238, 56, 1039, 113, 0, 0, 17, 26, 
125768, 0, 0, 375, 58, 1425, 0, 0, 0, 0, 0, 0, 1433, 64, 1039, 113, 0, 0, 17, 25, 
125967, 0, 0, 504, 106, 1425, 0, 0, 0, 0, 0, 0, 1433, 64, 1040, 113, 0, 0, 17, 25, 
126166, 0, 0, 402, 78, 1538, 0, 0, 0, 0, 0, 0, 1297, 59, 1040, 113, 0, 0, 17, 25, 
126365, 0, 0, 375, 71, 1538, 0, 0, 0, 0, 0, 0, 1354, 61, 1031, 108, 0, 0, 17, 25, 
126564, 0, 0, 425, 6, 1469, 0, 0, 0, 0, 0, 0, 1354, 61, 1031, 108, 0, 0, 17, 25, 
126763, 0, 0, 136, 0, 1469, 0, 0, 0, 0, 0, 0, 603, 32, 1031, 108, 0, 0, 16, 15, 
126962, 0, 0, 96, 2, 1433, 0, 0, 0, 0, 0, 0, 603, 32, 281, 38, 0, 0, 16, 15, 
127161, 0, 0, 51, 10, 1433, 0, 0, 0, 0, 0, 0, 157, 6, 281, 38, 0, 0, 4, 2, 
127360, 0, 0, 118, 11, 1540, 0, 0, 0, 0, 0, 0, 157, 6, 155, 18, 0, 0, 4, 2, 
127559, 0, 0, 40, 14, 1540, 0, 0, 0, 0, 0, 0, 340, 16, 155, 18, 0, 0, 3, 5, 
127758, 0, 0, 36, 22, 1393, 0, 0, 0, 0, 0, 0, 306, 14, 220, 24, 0, 0, 3, 5, 
127957, 0, 0, 125, 27, 1283, 0, 0, 0, 0, 0, 0, 306, 14, 220, 24, 0, 0, 3, 5, 
128156, 0, 0, 121, 21, 1283, 0, 0, 0, 0, 0, 0, 260, 11, 251, 24, 0, 0, 3, 5, 
128355, 0, 0, 135, 15, 1446, 0, 0, 0, 0, 0, 0, 260, 11, 251, 24, 0, 0, 3, 7, 
128554, 0, 0, 46, 18, 1446, 0, 0, 0, 0, 0, 0, 367, 14, 386, 35, 0, 0, 3, 7, 
128753, 0, 0, 271, 18, 1313, 0, 0, 0, 0, 0, 0, 774, 32, 386, 35, 0, 0, 5, 12, 
128952, 0, 0, 106, 46, 1313, 0, 0, 0, 0, 0, 0, 774, 32, 461, 50, 0, 0, 5, 12, 
129151, 0, 0, 112, 38, 1145, 0, 0, 0, 0, 0, 0, 349, 17, 461, 50, 0, 0, 9, 9, 
129350, 0, 0, 181, 20, 1145, 0, 0, 0, 0, 0, 0, 649, 29, 429, 45, 0, 0, 9, 9, 
129549, 0, 0, 110, 55, 1223, 0, 0, 0, 0, 0, 0, 649, 29, 429, 45, 0, 0, 5, 9, 
129748, 0, 0, 253, 55, 1223, 0, 0, 0, 0, 0, 0, 625, 26, 429, 45, 0, 0, 5, 12, 
129947, 0, 0, 367, 52, 1334, 0, 0, 0, 0, 0, 0, 625, 26, 671, 70, 0, 0, 11, 12, 
130146, 0, 0, 457, 52, 1334, 0, 0, 0, 0, 0, 0, 1312, 56, 671, 70, 0, 0, 11, 24, 
130345, 0, 0, 357, 25, 1404, 0, 0, 0, 0, 0, 0, 1338, 61, 1031, 111, 0, 0, 17, 24, 
130544, 0, 0, 242, 25, 1404, 0, 0, 0, 0, 0, 0, 1338, 61, 1031, 111, 0, 0, 17, 18, 
130743, 0, 0, 23, 17, 1605, 0, 0, 0, 0, 0, 0, 226, 14, 321, 44, 0, 0, 5, 18, 
130942, 0, 0, 102, 45, 1605, 0, 0, 0, 0, 0, 0, 248, 12, 321, 44, 0, 0, 5, 2, 
131141, 0, 0, 61, 45, 1501, 0, 0, 0, 0, 0, 0, 248, 12, 94, 12, 0, 0, 5, 2, 
131340, 0, 0, 61, 9, 1453, 0, 0, 0, 0, 0, 0, 248, 13, 94, 12, 0, 0, 2, 4, 
131539, 0, 0, 44, 9, 1453, 0, 0, 0, 0, 0, 0, 248, 13, 196, 21, 0, 0, 2, 4, 
131738, 0, 0, 44, 2, 1524, 0, 0, 0, 0, 0, 0, 204, 7, 196, 21, 0, 0, 2, 3, 
131937, 0, 0, 57, 2, 1524, 0, 0, 0, 0, 0, 0, 204, 7, 135, 13, 0, 0, 2, 3, 
132136, 0, 0, 78, 2, 1466, 0, 0, 0, 0, 0, 0, 155, 7, 135, 13, 0, 0, 2, 4, 
132335, 0, 0, 27, 2, 1466, 0, 0, 0, 0, 0, 0, 155, 7, 210, 23, 0, 0, 2, 4, 
132534, 0, 0, 67, 4, 1457, 0, 0, 0, 0, 0, 0, 243, 11, 210, 23, 0, 0, 3, 3, 
132733, 0, 0, 71, 4, 1457, 0, 0, 0, 0, 0, 0, 243, 11, 177, 16, 0, 0, 3, 3, 
132932, 0, 0, 61, 4, 1506, 0, 0, 0, 0, 0, 0, 208, 8, 177, 16, 0, 0, 2, 3, 
133131, 0, 0, 24, 3, 1506, 0, 0, 0, 0, 0, 0, 208, 8, 177, 16, 0, 0, 2, 5, 
133330, 0, 0, 120, 3, 1444, 0, 0, 0, 0, 0, 0, 309, 14, 199, 23, 0, 0, 3, 5, 
133529, 0, 0, 76, 4, 1444, 0, 0, 0, 0, 0, 0, 181, 8, 199, 23, 0, 0, 3, 4, 
133728, 0, 0, 69, 4, 1392, 0, 0, 0, 0, 0, 0, 181, 8, 176, 17, 0, 0, 3, 4, 
133927, 0, 0, 87, 0, 1392, 0, 0, 0, 0, 0, 0, 348, 15, 176, 17, 0, 0, 3, 6, 
134126, 0, 0, 79, 0, 1482, 0, 0, 0, 0, 0, 0, 348, 15, 265, 26, 0, 0, 3, 6, 
134325, 0, 0, 105, 0, 1482, 0, 0, 0, 0, 0, 0, 275, 9, 265, 26, 0, 0, 3, 5, 
134524, 0, 0, 94, 0, 1369, 0, 0, 0, 0, 0, 0, 275, 9, 336, 32, 0, 0, 4, 5, 
134723, 0, 0, 182, 0, 1424, 0, 0, 0, 0, 0, 0, 439, 19, 336, 32, 0, 0, 4, 10, 
134922, 0, 0, 101, 0, 1424, 0, 0, 0, 0, 0, 0, 439, 19, 300, 36, 0, 0, 6, 10, 
135121, 0, 0, 160, 0, 1582, 0, 0, 0, 0, 0, 0, 368, 18, 300, 36, 0, 0, 6, 4, 
135320, 0, 0, 70, 0, 1582, 0, 0, 0, 0, 0, 0, 218, 10, 135, 18, 0, 0, 2, 4, 
135519, 0, 0, 27, 0, 1499, 0, 0, 0, 0, 0, 0, 218, 10, 135, 18, 0, 0, 2, 3, 
135718, 0, 0, 41, 0, 1499, 0, 0, 0, 0, 0, 0, 152, 7, 129, 13, 0, 0, 2, 3, 
135917, 0, 0, 47, 0, 1442, 0, 0, 0, 0, 0, 0, 152, 7, 129, 13, 0, 0, 2, 4, 
136116, 0, 0, 71, 0, 1442, 0, 0, 0, 0, 0, 0, 345, 15, 176, 19, 0, 0, 2, 4, 
136315, 0, 0, 54, 0, 1568, 0, 0, 0, 0, 0, 0, 179, 8, 176, 19, 0, 0, 3, 4, 
136514, 0, 0, 45, 0, 1568, 0, 0, 0, 0, 0, 0, 179, 8, 176, 19, 0, 0, 3, 3, 
136713, 0, 0, 89, 0, 1544, 0, 0, 0, 0, 0, 0, 127, 5, 143, 16, 0, 0, 2, 3, 
136912, 0, 0, 32, 0, 1544, 0, 0, 0, 0, 0, 0, 173, 2, 133, 9, 0, 0, 2, 3, 
137111, 0, 0, 58, 0, 1455, 0, 0, 0, 0, 0, 0, 173, 2, 133, 9, 0, 0, 2, 3, 
137310, 0, 0, 66, 0, 1455, 0, 0, 0, 0, 0, 0, 135, 1, 157, 10, 0, 0, 2, 2, 
137509, 0, 0, 11, 0, 1547, 0, 0, 0, 0, 0, 0, 121, 1, 157, 10, 0, 0, 1, 2, 
137708, 0, 0, 99, 0, 1547, 0, 0, 0, 0, 0, 0, 121, 1, 168, 11, 0, 0, 1, 2, 
137907, 0, 0, 32, 0, 1431, 0, 0, 0, 0, 0, 0, 130, 1, 168, 11, 0, 0, 2, 2, 
138106, 0, 0, 70, 0, 1431, 0, 0, 0, 0, 0, 0, 132, 1, 109, 7, 0, 0, 2, 2, 
138305, 0, 0, 47, 0, 1406, 0, 0, 0, 0, 0, 0, 132, 1, 109, 7, 0, 0, 2, 2, 
138504, 0, 0, 50, 0, 1406, 0, 0, 0, 0, 0, 0, 82, 0, 139, 9, 0, 0, 2, 2, 
138703, 0, 0, 32, 0, 1454, 0, 0, 0, 0, 0, 0, 82, 0, 139, 9, 0, 0, 2, 2, 
138902, 0, 0, 14, 0, 1454, 0, 0, 0, 0, 0, 0, 176, 1, 139, 9, 0, 0, 2, 2, 
139101, 0, 0, 86, 0, 1306, 0, 0, 0, 0, 0, 0, 102, 0, 128, 8, 0, 0, 1, 2, 
139300, 0, 0, 51, 0, 1306, 0, 0, 0, 0, 0, 0, 102, 0, 128, 8, 0, 0, 1, 3, 
139499, 0, 0, 44, 0, 1052, 0, 0, 0, 0, 0, 0, 232, 2, 274, 14, 0, 0, 3, 3, 
139698, 0, 0, 87, 0, 1052, 0, 0, 0, 0, 0, 0, 263, 2, 274, 14, 0, 0, 3, 3, 
139897, 0, 0, 235, 0, 750, 0, 0, 0, 0, 0, 0, 263, 2, 222, 22, 0, 0, 6, 4, 
140096, 0, 0, 205, 0, 750, 0, 0, 0, 0, 0, 0, 222, 3, 222, 22, 0, 0, 6, 4, 
140295, 0, 0, 205, 0, 190, 0, 0, 0, 0, 0, 0, 0, 0, 0, 0, 0, 0, 3, 1, 
140494, 0, 0, 0, 0, 190, 0, 0, 0, 0, 0, 0, 0, 0, 0, 0, 0, 0, 3, 1, 
140693, 0, 0, 0, 0, 16, 0, 0, 0, 0, 0, 0, 0, 0, 8, 1, 0, 0, 0, 0, 
140892, 4, 455, 0, 0, 16, 0, 0, 0, 0, 0, 0, 0, 0, 8, 1, 0, 0, 0, 0, 
141091, 0, 398, 0, 0, 21, 0, 0, 0, 0, 0, 0, 0, 0, 8, 1, 0, 0, 0, 0, 
141290, 498, 0, 0, 31, 148, 0, 0, 0, 0, 0, 0, 186, 0, 41, 9, 0, 0, 4, 0, 
141489, 0, 0, 0, 31, 148, 0, 0, 0, 0, 0, 0, 406, 31, 41, 9, 0, 0, 4, 2, 
141688, 78, 0, 0, 5, 0, 0, 0, 0, 0, 0, 0, 406, 31, 0, 12, 0, 0, 45, 2, 
141887, 170, 0, 0, 5, 719, 0, 0, 0, 0, 0, 0, 459, 2, 0, 12, 0, 0, 45, 7, 
142086, 0, 0, 0, 33, 719, 0, 0, 0, 0, 0, 0, 459, 2, 361, 34, 0, 0, 45, 7, 
142285, 0, 0, 0, 0, 899, 0, 0, 0, 0, 0, 0, 481, 2, 361, 34, 0, 0, 0, 9, 
142484, 0, 0, 256, 0, 899, 0, 0, 0, 0, 0, 0, 896, 25, 647, 59, 0, 0, 0, 9, 
142683, 0, 0, 59, 11, 621, 0, 0, 0, 0, 0, 0, 896, 25, 647, 59, 0, 0, 15, 9, 
142882, 0, 0, 75, 11, 655, 0, 0, 0, 0, 0, 0, 324, 3, 363, 28, 0, 0, 15, 5, 
143081, 0, 0, 84, 0, 655, 0, 0, 0, 0, 0, 0, 139, 2, 363, 28, 0, 0, 8, 5, 
143280, 0, 0, 32, 0, 231, 0, 0, 0, 0, 0, 0, 139, 2, 6, 11, 0, 0, 8, 2, 
143479, 0, 0, 0, 0, 231, 0, 0, 0, 0, 0, 0, 0, 0, 6, 11, 0, 0, 1, 2, 
143678, 0, 0, 0, 0, 231, 0, 0, 0, 0, 0, 0, 4, 0, 4, 0, 0, 0, 0, 0, 
143877, 4, 987, 0, 0, 48, 0, 0, 0, 0, 0, 0, 4, 0, 4, 0, 0, 0, 0, 0, 
144076, 0, 907, 0, 0, 48, 0, 0, 0, 0, 0, 0, 218, 0, 118, 19, 0, 0, 0, 0, 
144275, 539, 446, 0, 0, 0, 0, 0, 0, 0, 0, 0, 218, 0, 118, 19, 0, 0, 3, 0, 
144474, 19, 0, 0, 4, 372, 0, 0, 0, 0, 0, 0, 141, 0, 3, 4, 0, 0, 3, 0, 
144673, 268, 370, 0, 4, 372, 0, 0, 0, 0, 0, 0, 462, 12, 3, 4, 0, 0, 35, 0, 
144872, 708, 889, 0, 7, 183, 0, 0, 0, 0, 0, 0, 462, 12, 125, 42, 0, 0, 35, 7, 
145071, 441, 528, 0, 7, 1096, 0, 0, 0, 0, 0, 0, 537, 6, 125, 42, 0, 0, 93, 7, 
145270, 0, 0, 0, 5, 1096, 0, 0, 0, 0, 0, 0, 56, 0, 125, 42, 0, 0, 93, 7, 
145469, 100, 118, 0, 5, 893, 0, 0, 0, 0, 0, 0, 56, 0, 112, 9, 0, 0, 23, 1, 
145668, 100, 118, 0, 0, 893, 0, 0, 0, 0, 0, 0, 349, 2, 112, 9, 0, 0, 23, 1, 
145867, 102, 126, 0, 1, 415, 0, 0, 0, 0, 0, 0, 349, 2, 365, 25, 0, 0, 14, 1, 
146066, 275, 433, 50, 1, 415, 0, 0, 0, 0, 0, 0, 744, 13, 365, 25, 0, 0, 14, 1, 
146265, 333, 331, 28, 7, 424, 0, 0, 0, 0, 0, 0, 222, 4, 330, 38, 0, 0, 50, 7, 
146464, 69, 124, 21, 7, 469, 0, 0, 0, 0, 0, 0, 222, 4, 330, 38, 0, 0, 50, 7, 
146663, 494, 428, 21, 4, 469, 0, 0, 0, 0, 0, 0, 543, 7, 266, 36, 0, 0, 22, 4, 
146862, 0, 0, 18, 4, 469, 0, 0, 0, 0, 0, 0, 531, 7, 266, 36, 0, 0, 22, 4, 
147061, 560, 0, 52, 4, 436, 0, 0, 0, 0, 0, 0, 531, 7, 196, 28, 0, 0, 22, 5, 
147260, 433, 0, 11, 4, 436, 0, 0, 0, 0, 0, 0, 393, 6, 196, 28, 0, 0, 22, 5, 
147459, 199, 0, 16, 3, 223, 0, 0, 0, 0, 0, 0, 313, 6, 178, 20, 0, 0, 79, 4, 
147658, 0, 0, 15, 1, 223, 0, 0, 0, 0, 0, 0, 313, 6, 178, 20, 0, 0, 79, 4, 
147857, 0, 0, 15, 1, 223, 0, 0, 0, 0, 0, 0, 136, 2, 67, 10, 0, 0, 79, 2, 
148056, 0, 0, 8, 0, 164, 0, 0, 0, 0, 0, 0, 136, 2, 67, 10, 0, 0, 3, 2, 
148255, 0, 0, 10, 0, 164, 0, 0, 0, 0, 0, 0, 4, 0, 67, 10, 0, 0, 3, 0, 
148454, 0, 0, 0, 0, 0, 0, 0, 0, 0, 0, 0, 0, 0, 0, 0, 0, 0, 0, 0, 
148653, 4, 146, 0, 0, 0, 0, 0, 0, 0, 0, 0, 25, 0, 11, 1, 0, 0, 0, 0, 
148852, 4, 146, 0, 0, 0, 0, 0, 0, 0, 0, 0, 25, 0, 11, 1, 0, 0, 0, 0, 
149051, 20, 0, 0, 0, 34, 0, 0, 0, 0, 0, 0, 32, 0, 0, 1, 0, 0, 1, 0, 
149250, 107, 0, 0, 0, 34, 0, 0, 0, 0, 0, 0, 21, 1, 0, 1, 0, 0, 1, 0, 
149449, 0, 0, 0, 0, 61, 0, 0, 0, 0, 0, 0, 21, 1, 0, 1, 0, 0, 1, 0, 
149648, 0, 0, 0, 0, 61, 0, 0, 0, 0, 0, 0, 28, 0, 0, 1, 0, 0, 8, 0, 
149847, 0, 0, 0, 0, 0, 0, 0, 0, 0, 0, 0, 15, 0, 29, 1, 0, 0, 8, 0, 
150046, 0, 0, 7, 0, 82, 0, 0, 0, 0, 0, 0, 1, 0, 29, 1, 0, 0, 0, 0, 
150245, 0, 0, 0, 0, 82, 0, 0, 0, 0, 0, 0, 1, 0, 10, 1, 0, 0, 0, 0, 
150444, 4, 546, 0, 0, 71, 0, 0, 0, 0, 0, 0, 152, 0, 10, 1, 0, 0, 0, 0, 
150643, 0, 1197, 0, 0, 71, 0, 0, 0, 0, 0, 0, 152, 0, 10, 1, 0, 0, 0, 0, 
150842, 401, 647, 0, 0, 71, 0, 0, 0, 0, 0, 0, 164, 0, 111, 20, 0, 0, 3, 0, 
151041, 173, 0, 0, 7, 295, 0, 0, 0, 0, 0, 0, 246, 8, 111, 20, 0, 0, 3, 0, 
151240, 0, 0, 0, 7, 673, 0, 0, 0, 0, 0, 0, 246, 8, 10, 6, 0, 0, 40, 0, 
151439, 690, 930, 0, 8, 673, 0, 0, 0, 0, 0, 0, 878, 12, 10, 6, 0, 0, 40, 0, 
151638, 680, 785, 0, 8, 604, 0, 0, 0, 0, 0, 0, 91, 0, 237, 45, 0, 0, 89, 7, 
151837, 0, 0, 0, 11, 604, 0, 0, 0, 0, 0, 0, 91, 0, 237, 45, 0, 0, 89, 7, 
152036, 0, 0, 93, 11, 551, 0, 0, 0, 0, 0, 0, 586, 9, 462, 32, 0, 0, 21, 4, 
152235, 0, 0, 52, 2, 552, 0, 0, 0, 0, 0, 0, 586, 9, 462, 32, 0, 0, 21, 4, 
152434, 625, 912, 34, 16, 552, 0, 0, 0, 0, 0, 0, 1023, 15, 415, 61, 0, 0, 21, 8, 
152633, 705, 858, 50, 16, 779, 0, 0, 0, 0, 0, 0, 813, 13, 415, 61, 0, 0, 91, 8, 
152832, 765, 811, 23, 13, 779, 0, 0, 0, 0, 0, 0, 813, 13, 474, 66, 0, 0, 91, 8, 
153031, 492, 336, 28, 13, 786, 0, 0, 0, 0, 0, 0, 751, 9, 474, 66, 0, 0, 87, 8, 
153230, 294, 436, 28, 10, 786, 0, 0, 0, 0, 0, 0, 702, 10, 474, 66, 0, 0, 87, 8, 
153429, 427, 518, 52, 10, 786, 0, 0, 0, 0, 0, 0, 702, 10, 443, 53, 0, 0, 89, 8, 
153628, 952, 914, 45, 9, 659, 0, 0, 0, 0, 0, 0, 797, 10, 443, 53, 0, 0, 89, 8, 
153827, 566, 897, 16, 9, 659, 0, 0, 0, 0, 0, 0, 762, 10, 372, 56, 0, 0, 92, 7, 
154026, 591, 648, 36, 8, 659, 0, 0, 0, 0, 0, 0, 762, 10, 372, 56, 0, 0, 92, 7, 
154225, 517, 628, 29, 8, 715, 0, 0, 0, 0, 0, 0, 647, 9, 328, 47, 0, 0, 95, 7, 
154424, 397, 658, 37, 8, 715, 0, 0, 0, 0, 0, 0, 838, 13, 328, 47, 0, 0, 95, 7, 
154623, 561, 656, 26, 8, 605, 0, 0, 0, 0, 0, 0, 838, 13, 413, 53, 0, 0, 70, 7, 
154822, 561, 656, 48, 16, 605, 0, 0, 0, 0, 0, 0, 966, 15, 413, 53, 0, 0, 70, 7, 
155021, 868, 827, 54, 16, 814, 0, 0, 0, 0, 0, 0, 826, 10, 501, 66, 0, 0, 97, 9, 
155220, 581, 633, 41, 18, 814, 0, 0, 0, 0, 0, 0, 826, 10, 501, 66, 0, 0, 97, 9, 
155419, 647, 725, 33, 11, 814, 0, 0, 0, 0, 0, 0, 950, 14, 396, 54, 0, 0, 97, 9, 
155618, 497, 682, 37, 11, 629, 0, 0, 0, 0, 0, 0, 861, 12, 396, 54, 0, 0, 106, 9, 
155817, 621, 553, 56, 14, 629, 0, 0, 0, 0, 0, 0, 861, 12, 443, 59, 0, 0, 82, 7, 
156016, 495, 626, 22, 14, 629, 0, 0, 0, 0, 0, 0, 812, 10, 443, 59, 0, 0, 82, 7, 
156215, 479, 705, 31, 13, 724, 0, 0, 0, 0, 0, 0, 812, 10, 350, 54, 0, 0, 93, 5, 
156414, 572, 806, 8, 13, 724, 0, 0, 0, 0, 0, 0, 621, 10, 350, 54, 0, 0, 93, 5, 
156613, 499, 413, 46, 11, 663, 0, 0, 0, 0, 0, 0, 587, 8, 431, 45, 0, 0, 75, 9, 
156812, 508, 0, 48, 11, 663, 0, 0, 0, 0, 0, 0, 587, 8, 431, 45, 0, 0, 75, 9, 
157011, 0, 0, 31, 5, 663, 0, 0, 0, 0, 0, 0, 249, 5, 22, 9, 0, 0, 6, 1, 
157210, 0, 0, 8, 5, 219, 0, 0, 0, 0, 0, 0, 58, 0, 22, 9, 0, 0, 6, 1, 
157409, 0, 0, 8, 0, 219, 0, 0, 0, 0, 0, 0, 0, 0, 0, 0, 0, 0, 6, 0, 
157608, 0, 0, 0, 0, 0, 0, 0, 0, 0, 0, 0, 0, 0, 0, 0, 0, 0, 0, 0, 
157807, 2, 112, 0, 0, 0, 0, 0, 0, 0, 0, 0, 0, 0, 6, 1, 0, 0, 0, 0, 
158006, 0, 0, 0, 0, 0, 0, 0, 0, 0, 0, 0, 16, 0, 6, 1, 0, 0, 0, 0, 
158205, 103, 0, 0, 0, 22, 0, 0, 0, 0, 0, 0, 23, 0, 0, 0, 0, 0, 0, 0, 
158404, 0, 0, 0, 1, 22, 0, 0, 0, 0, 0, 0, 23, 0, 0, 0, 0, 0, 0, 0, 
158603, 0, 0, 0, 1, 22, 0, 0, 0, 0, 0, 0, 19, 1, 22, 1, 0, 0, 5, 0, 
158802, 0, 0, 0, 0, 44, 0, 0, 0, 0, 0, 0, 31, 0, 22, 1, 0, 0, 5, 0, 
159001, 0, 0, 0, 0, 44, 0, 0, 0, 0, 0, 0, 31, 0, 7, 1, 0, 0, 5, 0, 
159200, 0, 0, 7, 0, 34, 0, 0, 0, 0, 0, 0, 12, 0, 7, 1, 0, 0, 0, 0, 
159399, 0, 0, 0, 0, 82, 0, 0, 0, 0, 0, 0, 1, 0, 10, 1, 0, 0, 0, 0, 
159598, 4, 122, 0, 0, 82, 0, 0, 0, 0, 0, 0, 173, 0, 10, 1, 0, 0, 0, 0, 
159797, 0, 1361, 0, 0, 62, 0, 0, 0, 0, 0, 0, 173, 0, 10, 1, 0, 0, 0, 0, 
159996, 75, 918, 0, 5, 62, 0, 0, 0, 0, 0, 0, 168, 0, 112, 20, 0, 0, 3, 0, 
160195, 527, 0, 0, 3, 305, 0, 0, 0, 0, 0, 0, 281, 7, 112, 20, 0, 0, 3, 0, 
160394, 0, 0, 0, 3, 305, 0, 0, 0, 0, 0, 0, 281, 7, 12, 6, 0, 0, 41, 1, 
160593, 463, 615, 0, 16, 450, 0, 0, 0, 0, 0, 0, 564, 5, 12, 6, 0, 0, 41, 1, 
160792, 742, 935, 0, 16, 450, 0, 0, 0, 0, 0, 0, 699, 8, 260, 36, 0, 0, 96, 5, 
160991, 341, 464, 0, 7, 307, 0, 0, 0, 0, 0, 0, 699, 8, 260, 36, 0, 0, 96, 5, 
161190, 218, 787, 0, 7, 307, 0, 0, 0, 0, 0, 0, 777, 10, 211, 27, 0, 0, 96, 5, 
161389, 483, 104, 99, 17, 543, 0, 0, 0, 0, 0, 0, 777, 10, 211, 27, 0, 0, 49, 5, 
161588, 762, 875, 20, 17, 543, 0, 0, 0, 0, 0, 0, 688, 11, 211, 27, 0, 0, 49, 5, 
161787, 241, 298, 43, 16, 722, 0, 0, 0, 0, 0, 0, 750, 7, 211, 27, 0, 0, 96, 8, 
161986, 679, 869, 33, 16, 722, 0, 0, 0, 0, 0, 0, 750, 7, 666, 99, 0, 0, 96, 8, 
162185, 591, 725, 39, 21, 722, 0, 0, 0, 0, 0, 0, 747, 10, 666, 99, 0, 0, 96, 6, 
162384, 604, 786, 39, 14, 662, 0, 0, 0, 0, 0, 0, 826, 11, 411, 47, 0, 0, 96, 6, 
162583, 787, 773, 14, 14, 662, 0, 0, 0, 0, 0, 0, 826, 11, 411, 47, 0, 0, 80, 7, 
162782, 622, 499, 30, 18, 742, 0, 0, 0, 0, 0, 0, 762, 8, 317, 52, 0, 0, 80, 7, 
162981, 561, 595, 28, 18, 742, 0, 0, 0, 0, 0, 0, 707, 7, 317, 52, 0, 0, 116, 7, 
163180, 650, 850, 41, 14, 742, 0, 0, 0, 0, 0, 0, 707, 7, 317, 52, 0, 0, 116, 7, 
163379, 622, 434, 20, 14, 549, 0, 0, 0, 0, 0, 0, 642, 6, 262, 38, 0, 0, 108, 6, 
163578, 600, 938, 18, 10, 549, 0, 0, 0, 0, 0, 0, 578, 4, 262, 38, 0, 0, 108, 6, 
163777, 541, 888, 33, 10, 567, 0, 0, 0, 0, 0, 0, 578, 4, 268, 48, 0, 0, 108, 5, 
163976, 742, 1251, 19, 11, 567, 0, 0, 0, 0, 0, 0, 491, 0, 268, 48, 0, 0, 91, 5, 
164175, 779, 1426, 12, 13, 567, 0, 0, 0, 0, 0, 0, 484, 0, 144, 34, 0, 0, 91, 5, 
164374, 753, 868, 4, 13, 501, 0, 0, 0, 0, 0, 0, 484, 0, 144, 34, 0, 0, 88, 2, 
164573, 813, 468, 0, 19, 501, 0, 0, 0, 0, 0, 0, 537, 5, 144, 34, 0, 0, 88, 2, 
164772, 661, 0, 0, 19, 474, 0, 0, 0, 0, 0, 0, 709, 8, 134, 33, 0, 0, 107, 3, 
164971, 257, 0, 3, 15, 474, 0, 0, 0, 0, 0, 0, 353, 5, 134, 33, 0, 0, 107, 3, 
165170, 0, 0, 49, 15, 474, 0, 0, 0, 0, 0, 0, 353, 5, 297, 40, 0, 0, 113, 7, 
165369, 0, 0, 27, 7, 359, 0, 0, 0, 0, 0, 0, 46, 0, 297, 40, 0, 0, 113, 7, 
165568, 0, 0, 13, 7, 359, 0, 0, 0, 0, 0, 0, 0, 0, 0, 0, 0, 0, 0, 0, 
165767, 0, 0, 0, 0, 0, 0, 0, 0, 0, 0, 0, 0, 0, 0, 0, 0, 0, 0, 0, 
165966, 0, 0, 0, 0, 0, 0, 0, 0, 0, 0, 0, 0, 0, 0, 0, 0, 0, 0, 0, 
166165, 0, 0, 0, 0, 0, 0, 0, 0, 0, 0, 0, 0, 0, 0, 0, 0, 0, 0, 0, 
166364, 0, 0, 0, 0, 0, 0, 0, 0, 0, 0, 0, 0, 0, 0, 0, 0, 0, 0, 0, 
166563, 0, 0, 0, 0, 0, 0, 0, 0, 0, 0, 0, 0, 0, 0, 0, 0, 0, 0, 0, 
166762, 0, 0, 0, 0, 0, 0, 0, 0, 0, 0, 0, 0, 0, 0, 0, 0, 0, 0, 0, 
166961, 0, 0, 0, 0, 0, 0, 0, 0, 0, 0, 0, 0, 0, 0, 0, 0, 0, 0, 0, 
167160, 0, 0, 0, 0, 0, 0, 0, 0, 0, 0, 0, 0, 0, 0, 0, 0, 0, 0, 0, 
167359, 0, 0, 0, 0, 0, 0, 0, 0, 0, 0, 0, 0, 0, 0, 0, 0, 0, 0, 0, 
167558, 0, 0, 0, 0, 0, 0, 0, 0, 0, 0, 0, 0, 0, 0, 0, 0, 0, 0, 0, 
167757, 0, 0, 0, 0, 0, 0, 0, 0, 0, 0, 0, 0, 0, 0, 0, 0, 0, 0, 0, 
167956, 0, 0, 0, 0, 0, 0, 0, 0, 0, 0, 0, 0, 0, 0, 0, 0, 0, 0, 0, 
168155, 0, 0, 0, 0, 0, 0, 0, 0, 0, 0, 0, 0, 0, 0, 0, 0, 0, 0, 0, 
168354, 0, 0, 0, 0, 0, 0, 0, 0, 0, 0, 0, 0, 0, 0, 0, 0, 0, 0, 0, 
168553, 0, 0, 0, 0, 0, 0, 0, 0, 0, 0, 0, 0, 0, 0, 0, 0, 0, 0, 0, 
168752, 0, 0, 0, 0, 0, 0, 0, 0, 0, 0, 0, 0, 0, 0, 0, 0, 0, 0, 0, 
168951, 0, 0, 0, 0, 0, 0, 0, 0, 0, 0, 0, 0, 0, 0, 0, 0, 0, 0, 0, 
169150, 0, 0, 0, 0, 0, 0, 0, 0, 0, 0, 0, 0, 0, 0, 0, 0, 0, 0, 0, 
169349, 0, 0, 0, 0, 0, 0, 0, 0, 0, 0, 0, 0, 0, 0, 0, 0, 0, 0, 0, 
169548, 0, 0, 0, 0, 0, 0, 0, 0, 0, 0, 0, 0, 0, 0, 0, 0, 0, 0, 0, 
169747, 0, 0, 0, 0, 0, 0, 0, 0, 0, 0, 0, 0, 0, 0, 0, 0, 0, 0, 0, 
169946, 0, 0, 0, 0, 0, 0, 0, 0, 0, 0, 0, 0, 0, 0, 0, 0, 0, 0, 0, 
170145, 0, 0, 0, 0, 0, 0, 0, 0, 0, 0, 0, 0, 0, 0, 0, 0, 0, 0, 0, 
170344, 0, 0, 0, 0, 0, 0, 0, 0, 0, 0, 0, 0, 0, 0, 0, 0, 0, 0, 0, 
